  -0.005573699174723  -2.701888709512311  -1.645305087731965   2.740554178778659
   0.672116878747142  -1.672836788333068  -1.516946132533653  -1.154178053777579
   1.183885167908551  -0.982582652869093  -1.388587177335341  -1.804397973984447
   1.404432442579733  -0.539600334143574  -1.260228222137029  -2.219613897877811
   1.279761038066074  -0.270567923307685  -1.131869266938716  -0.831388912878388
   0.840394862259755  -0.118344898293029  -1.003510311740404  -0.489652697650057
   0.193906078429247  -0.039949450464089  -0.875151356542092  -0.668819095420692
  -0.501422312059175  -0.004535811270667  -0.746792401343780  -0.054235508442758
  -1.075349668788542   0.008628421099663  -0.618433446145468   0.493364348022957
  -1.387358558415177   0.012184955069111  -0.490074490947156   1.199256165929560
  -1.361058323068035   0.012707479017229  -0.361715535748844  -0.217280704884782
  -1.002888177612871   0.012724334628459  -0.233356580550531   0.147353294526317
  -0.400540665277633   0.012741190239689  -0.104997625352219  -1.663611483180351
   0.298508535314106   0.013263714187807   0.023361329846093  -0.550563257633527
   0.923107799664298   0.016820248157256   0.151720285044405   0.762475359185738
   1.320333444199127   0.029984480527585   0.280079240242717   0.544645846152038
   1.392930777407794   0.065398119721007   0.408438195441029  -0.609715293677768
   1.123125440200307   0.143793567549947   0.536797150639341   0.040239796458933
   0.576975188915155   0.296016592564603   0.665156105837654  -0.280477155550846
  -0.111803347277146   0.565049003400492   0.793515061035966  -2.864657249301716
  -0.774573160725475   1.008031322126011   0.921874016234278   2.403545061016143
  -1.249065086192353   1.698285457589986   1.050232971432590  -1.004697592302771
  -1.419106951839060   2.727337378769229   1.178591926630902   0.289236811439289
  -1.243066578537893  -2.701888709512311   1.306950881829215  -0.000262090397456
  -0.764044789295636  -1.672836788333068   1.435309837027527   0.674518698600292
  -0.099322824587742  -0.982582652869093   1.563668792225839  -0.590302485708870
   0.588352195636312  -0.539600334143574   1.692027747424151  -1.581983212673549
   1.130613442920896  -0.270567923307685  -1.645305087731965  -0.273118300322027
   1.394696451908591  -0.118344898293029  -1.516946132533653   0.165045996840438
   1.315944491782286  -0.039949450464089  -1.388587177335341  -0.213528060522790
   0.913638788951528  -0.004535811270667  -1.260228222137029  -0.090591352250267
   0.286277810371187   0.008628421099663  -1.131869266938716   1.966312114308779
  -0.412538596423230   0.012184955069111  -1.003510311740404  -0.198562860888360
  -1.011715802974227   0.012707479017229  -0.875151356542092  -0.555704700302714
  -1.364554332082491   0.012724334628459  -0.746792401343780   0.794189145866232
  -1.384667006148419   0.012741190239689  -0.618433446145468   2.007198155923413
  -1.067129541106639   0.013263714187807  -0.490074490947156   0.107150744055523
  -0.489686182905631   0.016820248157256  -0.361715535748844   0.019389224294733
   0.206284795325829   0.029984480527585  -0.233356580550531   0.117207773377474
   0.850385425280249   0.065398119721007  -0.104997625352219  -0.168548608081173
   1.284917408949995   0.143793567549947   0.023361329846093   0.654987755456340
   1.403492161899976   0.296016592564603   0.151720285044405   1.044857513862569
   1.177078449168957   0.565049003400492   0.280079240242717   0.592596941541066
   0.661110244087777   1.008031322126011   0.408438195441029   0.850645922824317
  -0.018085441719442   1.698285457589986   0.536797150639341  -2.595549862509049
  -0.694217816589437   2.727337378769229   0.665156105837654   0.761460093822150
  -1.201746094213082  -2.701888709512311   0.793515061035966   0.893092853002725
  -1.416409651560622  -1.672836788333068   0.921874016234278   1.006506585181505
  -1.285651363140086  -0.982582652869093   1.050232971432590  -0.749810315488476
  -0.841485418311558  -0.539600334143574   1.178591926630902  -0.462705111783136
  -0.192659131197938  -0.270567923307685   1.306950881829215   1.329994480886164
   0.501972194507511  -0.118344898293029   1.435309837027527  -1.141614755293341
   1.072338584157680  -0.039949450464089   1.563668792225839   0.423337418657996
   1.378794453342945  -0.004535811270667   1.692027747424151  -0.646476507939907
   1.346308717264670   0.008628421099663  -1.645305087731965   0.152966774103825
   0.982835017094469   0.012184955069111  -1.516946132533653   0.746661132900444
   0.377364391222468   0.012707479017229  -1.388587177335341   0.090879681813500
  -0.321862834611567   0.012724334628459  -1.260228222137029   0.008762770897833
  -0.943651449121427   0.012741190239689  -1.131869266938716   0.126301053968280
  -1.335765913839049   0.013263714187807  -1.003510311740404   0.674918518926428
  -1.402202932331514   0.016820248157256  -0.875151356542092  -0.269251773601865
  -1.126696405399844   0.029984480527585  -0.746792401343780   2.196722075715711
  -0.576699939462951   0.065398119721007  -0.618433446145468  -0.372382222480011
   0.113128148820479   0.143793567549947  -0.490074490947156  -1.500089124703392
   0.773893884843007   0.296016592564603  -0.361715535748844   1.925360705802456
   1.243818771415633   0.565049003400492  -0.233356580550531   1.867630728857722
   1.407848807102000   1.008031322126011  -0.104997625352219   2.360871980279887
   1.225823718418597   1.698285457589986   0.023361329846093  -0.081242287599473
   0.742309595422024   2.727337378769229   0.151720285044405  -0.477589760917575
   0.075687558566409  -2.701888709512311   0.280079240242717  -0.236101884437680
  -0.610830068269678  -1.672836788333068   0.408438195441029  -0.400746760051029
  -1.149159826897486  -0.982582652869093   0.536797150639341  -0.251473978128331
  -1.407499817498234  -0.539600334143574   0.665156105837654   0.704909542298083
  -1.322599400450706  -0.270567923307685   0.793515061035966  -0.160154907404217
  -0.915245158853695  -0.118344898293029   0.921874016234278  -0.518647917756442
  -0.285171618025994  -0.039949450464089   1.050232971432590  -1.484621951649596
   0.413357244654818  -0.004535811270667   1.178591926630902   0.086677909169815
   1.009317201558710   0.008628421099663   1.306950881829215  -0.319459008094284
   1.356796470405484   0.012184955069111   1.435309837027527   0.586769317022280
   1.370720007418283   0.012707479017229   1.563668792225839   0.167648229621042
   1.047678845136045   0.012724334628459   1.692027747424151  -0.627834474065115
   0.466764726539864   0.012741190239689  -1.645305087731965   1.859019201103982
  -0.229794312049744   0.013263714187807  -1.516946132533653  -0.406180515133495
  -0.871456324640292   0.016820248157256  -1.388587177335341   0.749044573401279
  -1.301120071804573   0.029984480527585  -1.260228222137029   0.540245134520686
  -1.413588883189721   0.065398119721007  -1.131869266938716  -0.404947419004453
  -1.181326471281726   0.143793567549947  -1.003510311740404  -0.814918233120627
  -0.661198774950467   0.296016592564603  -0.875151356542092  -1.319442837695242
   0.019448805654585   0.565049003400492  -0.746792401343780  -0.056680208971652
   0.693970004387059   1.008031322126011  -0.618433446145468   1.426295571731616
   1.197218507048024   1.698285457589986  -0.490074490947156   0.674829064075764
   1.405981528780959   2.727337378769229  -0.361715535748844   2.115789598641262
   1.269146601000724  -2.701888709512311  -0.233356580550531  -0.104545889735408
   0.820215686312861  -1.672836788333068  -0.104997625352219  -0.704024953703802
   0.169102729645972  -0.982582652869093   0.023361329846093  -0.058264406142561
  -0.524777108849653  -0.539600334143574   0.151720285044405   0.352882797547020
  -1.091537844804902  -0.270567923307685   0.280079240242717  -0.431198627225431
  -1.392416683586237  -0.118344898293029   0.408438195441029  -1.158459803883909
  -1.353747991943638  -0.039949450464089   0.536797150639341   0.965596680188893
  -0.984999214208980  -0.004535811270667   0.665156105837654   0.427843431680124
  -0.376452911734930   0.008628421099663   0.793515061035966   0.953398836065628
   0.322897556838593   0.012184955069111   0.921874016234278  -0.007852423441501
   0.941826806104513   0.012707479017229   1.050232971432590   0.797794479872420
   1.328799369930332   0.012724334628459   1.178591926630902  -0.019229784156662
   1.389070868551508   0.012741190239689   1.306950881829215   0.084512186094689
   1.107884737063576   0.013263714187807   1.435309837027527  -0.747194203420434
   0.554085147163956   0.016820248157256   1.563668792225839   2.489066471119422
  -0.136738447104005   0.029984480527585   1.692027747424151   0.661573984795378
  -0.795448336548371   0.065398119721007  -1.645305087731965   0.582248269939486
  -1.260769366922631   0.143793567549947  -1.516946132533653  -1.622259345464660
  -1.418774721352887   0.296016592564603  -1.388587177335341  -0.071731662360097
  -1.230779178445229   0.565049003400492  -1.260228222137029   1.048845521266173
  -0.742810603677223   1.008031322126011  -1.131869266938716   1.143976330057721
  -0.074340722651082   1.698285457589986  -1.003510311740404   0.398836451927578
   0.610965724055860   2.727337378769229  -0.875151356542092   0.397261718371011
   1.145321817391853  -2.701888709512311  -0.746792401343780   1.913991987632149
   1.397898549387972  -1.672836788333068  -0.618433446145468  -0.714997197957063
   1.306856327130085  -0.982582652869093  -0.490074490947156   0.304318942119398
   0.894485461835428  -0.539600334143574  -0.361715535748844  -0.054531708393549
   0.261748723264844  -0.270567923307685  -0.233356580550531   0.500131474193132
  -0.436437867514362  -0.118344898293029  -0.104997625352219   0.189009659950833
  -1.029133882970821  -0.039949450464089   0.023361329846093   2.668639047611130
  -1.371226667524604  -0.004535811270667   0.151720285044405  -1.296551091778742
  -1.378959976613987   0.008628421099663   0.280079240242717   0.019083569688354
  -1.050440426465305   0.012184955069111   0.408438195441029   1.983124637224829
  -0.466101060474815   0.012707479017229   0.536797150639341  -2.388774637187206
   0.230991465015163   0.012724334628459   0.665156105837654   0.316150316992586
   0.870164587812922   0.012741190239689   0.793515061035966   0.662757732202170
   1.294926435515600   0.013263714187807   0.921874016234278  -1.056093375600125
   1.401280493718248   0.016820248157256   1.050232971432590  -0.117904032030274
   1.163187579745407   0.029984480527585   1.178591926630902  -0.303502369789548
   0.638941142718298   0.065398119721007   1.306950881829215  -0.706681693196861
  -0.043105005845161   0.143793567549947   1.435309837027527  -0.656136441313242
  -0.715962181585617   0.296016592564603   1.563668792225839  -1.100857002920774
  -1.214891481167417   0.565049003400492   1.692027747424151  -1.002730224903836
  -1.417737611285292   1.008031322126011  -1.645305087731965   0.030355614142601
  -1.274836764780278   1.698285457589986  -1.516946132533653  -0.105381966178468
  -0.821176052718056   2.727337378769229  -1.388587177335341   0.112133538434100
  -0.167827439381919  -2.701888709512311  -1.260228222137029   0.888992186936726
   0.525246548353957  -1.672836788333068  -1.131869266938716   0.305680613843532
   1.088357226491475  -0.982582652869093  -1.003510311740404  -1.110999416873573
   1.383635461851096  -0.539600334143574  -0.875151356542092   1.315483068780588
   1.338786844228305  -0.270567923307685  -0.746792401343780  -0.299074559416724
   0.964791879367384  -0.118344898293029  -0.618433446145468  -0.112977918639650
   0.353217578196681  -0.039949450464089  -0.490074490947156  -0.240772690556178
  -0.346201340957797  -0.004535811270667  -0.361715535748844   0.078060394927353
  -0.962222733599460   0.008628421099663  -0.233356580550531  -1.038743309349337
  -1.344023078312473   0.012184955069111  -0.104997625352219  -0.680304515900397
  -1.398124334958557   0.012707479017229   0.023361329846093  -0.627738661548328
  -1.111280629063461   0.012724334628459   0.151720285044405  -0.007083527276907
  -0.553721303854284   0.012741190239689   0.280079240242717   1.438349224005748
   0.138043672296494   0.013263714187807   0.408438195441029   0.367880683482328
   0.794646107080182   0.016820248157256   0.536797150639341  -0.366418455389290
   1.255326824651255   0.029984480527585   0.665156105837654   0.791343199992424
   1.407295118546601   0.065398119721007   0.793515061035966  -1.124568784496339
   1.213343850341103   0.143793567549947   0.921874016234278  -0.644240097086684
   0.720959054778420   0.296016592564603   1.050232971432590   0.620908568177346
   0.050693702332385   0.565049003400492   1.178591926630902   1.155008488176468
  -0.633347872396821   1.008031322126011   1.306950881829215   0.023526461765328
  -1.163688435131550   1.698285457589986   1.435309837027527  -0.594135940459164
  -1.410482119840595   2.727337378769229   1.563668792225839   0.213919512574620
  -1.313305225276522  -2.701888709512311   1.692027747424151  -1.083454347858712
  -0.895950044391298  -1.672836788333068  -1.645305087731965  -0.549549496017518
  -0.260599681236422  -0.982582652869093  -1.516946132533653   1.934432683991206
   0.437189936669224  -0.539600334143574  -1.388587177335341  -0.515589328148248
   1.026575574598631  -0.270567923307685  -1.260228222137029  -0.919015814624152
   1.363255072843945  -0.118344898293029  -1.131869266938716  -0.302449664803978
   1.364797548126714  -0.039949450464089  -1.003510311740404   0.141284215461291
   1.030825348702011  -0.004535811270667  -0.875151356542092   0.569882448027459
   0.443106516676654   0.008628421099663  -0.746792401343780  -0.436498814537428
  -0.254464880458703   0.012184955069111  -0.618433446145468  -0.257471382162679
  -0.891099036032332   0.012707479017229  -0.490074490947156   0.274611627084866
  -1.310925705367415   0.012724334628459  -0.361715535748844   0.308372232317419
  -1.411156677843755   0.012741190239689  -0.233356580550531   1.704725021633923
  -1.167251915721770   0.013263714187807  -0.104997625352219  -0.702067103579082
  -0.638927811244886   0.016820248157256   0.023361329846093  -2.298882740014574
   0.044463468863654   0.029984480527585   0.151720285044405   0.545798706867858
   0.715603905129155   0.065398119721007   0.280079240242717   0.226239291981712
   1.210174911912818   0.143793567549947   0.408438195441029  -0.417323843914957
   1.407088257987132   0.296016592564603   0.536797150639341  -0.067166284773196
   1.258132688640074   0.565049003400492   0.665156105837654   0.490298556080405
   0.799777722254898   1.008031322126011   0.793515061035966   0.115371724402573
   0.144244640291001   1.698285457589986   0.921874016234278   0.321924807879829
  -0.547969196271361   2.727337378769229   1.050232971432590  -2.606862680019672
  -1.107385698440187  -2.701888709512311   1.178591926630902  -0.494114117199775
  -1.397040196151963  -1.672836788333068   1.306950881829215   0.543504624928547
  -1.346015166313077  -0.982582652869093   1.435309837027527  -1.054475465008880
  -0.966803315788216  -0.539600334143574   1.563668792225839  -1.023215070864090
  -0.352248931061509  -0.270567923307685   1.692027747424151   0.494948672436590
   0.347183641152481  -0.118344898293029  -1.645305087731965   0.004261975390126
   0.960248913612026  -0.039949450464089  -1.516946132533653  -0.807787667415859
   1.336847126220171  -0.004535811270667  -1.388587177335341   0.781975658888703
   1.384773902208608   0.008628421099663  -1.260228222137029  -0.720857451665707
   1.092295095310619   0.012184955069111  -1.131869266938716  -0.511082175640534
   0.531019718009829   0.012707479017229  -1.003510311740404  -0.187748618084711
  -0.161632442167407   0.012724334628459  -0.875151356542092  -1.010807496564805
  -0.816075979321097   0.012741190239689  -0.746792401343780   2.469198139654967
  -1.272080291039726   0.013263714187807  -0.618433446145468   0.743979746036398
  -1.417999618108216   0.016820248157256  -0.490074490947156  -0.852834359069982
  -1.218107820145758   0.029984480527585  -0.361715535748844  -0.177725502154646
  -0.721345380763734   0.065398119721007  -0.233356580550531   1.268561022575811
  -0.049337070318616   0.143793567549947  -0.104997625352219  -0.186889258187785
   0.633386039683454   0.296016592564603   0.023361329846093  -0.150110868104697
   1.159669521113095   0.565049003400492   0.151720285044405   0.341420847314107
   1.400660822938243   1.008031322126011   0.280079240242717   2.590802055854191
   1.297356869606620   1.698285457589986   0.408438195441029   0.397805147591498
   0.875050071745134   2.727337378769229   0.536797150639341   0.172423911005364
   0.237135861934752  -2.701888709512311   0.665156105837654   0.187346083048873
  -0.460202113227098  -1.672836788333068   0.793515061035966   0.023578272507023
  -1.046231196908678  -0.982582652869093   0.921874016234278  -0.286182090891898
  -1.377471030945927  -0.539600334143574   1.050232971432590  -0.093943041444670
  -1.372822551573447  -0.270567923307685   1.178591926630902   2.942718158685497
  -1.033423868663008  -0.118344898293029   1.306950881829215  -0.182706566818670
  -0.442371616733964  -0.039949450464089   1.435309837027527  -2.285645109365285
   0.255623999273524  -0.004535811270667   1.563668792225839  -0.489107360361987
   0.889669309112682   0.008628421099663   1.692027747424151   0.230914700223581
   1.304527907831640   0.012184955069111  -1.645305087731965  -0.237967288057085
   1.398627941764549   0.012707479017229  -1.516946132533653  -0.894249153409177
   1.148930440751217   0.012724334628459  -1.388587177335341  -0.386050158809133
   0.616570061544500   0.012741190239689  -1.260228222137029  -0.129144022972224
  -0.068112808308489   0.013263714187807  -1.131869266938716  -0.343321610148786
  -0.737483923117849   0.016820248157256  -1.003510311740404   0.108403119489428
  -1.227657888844488   0.029984480527585  -0.875151356542092   0.419927712763857
  -1.418623023263821   0.065398119721007  -0.746792401343780  -0.652279282714853
  -1.263624401328099   0.143793567549947  -0.618433446145468  -0.137650318552650
  -0.800611091453108   0.296016592564603  -0.490074490947156  -0.279604110633847
  -0.142944900049961   0.565049003400492  -0.361715535748844  -0.177273629990873
   0.548354552315567   1.008031322126011  -0.233356580550531  -3.058470395977849
   1.104033049793121   1.698285457589986  -0.104997625352219  -1.606351770222594
   1.388041116235084   2.727337378769229   0.023361329846093  -0.455183016158702
   1.330843671848867  -2.701888709512311   0.151720285044405   0.051777610241829
   0.946444645850828  -1.672836788333068   0.280079240242717   0.830233943618245
   0.328958326189999  -0.982582652869093   0.408438195441029  -0.219415280323184
  -0.370433100492378  -0.539600334143574   0.536797150639341   0.246725091616041
  -0.980494220815716  -0.270567923307685   0.665156105837654   0.161912982868964
  -1.351860795899470  -0.118344898293029   0.793515061035966  -0.124785942495038
  -1.393609336301041  -0.039949450464089   0.921874016234278  -0.225904101712400
  -1.095518343298876  -0.004535811270667   1.050232971432590   0.992729409134041
  -0.530570888266734   0.008628421099663   1.178591926630902   2.028524635600824
   0.162914188572207   0.012184955069111   1.306950881829215   1.190030858616405
   0.815147554270185   0.012707479017229   1.435309837027527   0.168104901807890
   1.266439733470467   0.012724334628459   1.563668792225839  -1.409410284931579
   1.406298661339835   0.012741190239689   1.692027747424151   0.949522837681495
   1.200481994585235   0.013263714187807  -1.645305087731965  -0.574748161529740
   0.699380831335388   0.016820248157256  -1.516946132533653   0.455785086799843
   0.025682212867896   0.029984480527585  -1.388587177335341   1.545522718285390
  -0.655668942955671   0.065398119721007  -1.260228222137029  -0.501321653855492
  -1.177854110237403   0.143793567549947  -1.131869266938716  -1.753610288783485
  -1.413024148182347   0.296016592564603  -1.003510311740404   1.136358200324785
  -1.303601229659775   0.565049003400492  -0.875151356542092  -0.243627973966618
  -0.876375901381711   1.008031322126011  -0.746792401343780   0.674214186630484
  -0.235947823714844   1.698285457589986  -0.618433446145468   0.735385050419377
   0.460883874217923   2.727337378769229  -0.490074490947156   0.081312533290713
   1.043510489907567  -2.701888709512311  -0.361715535748844  -0.063043980733646
   1.369284708019672  -1.672836788333068  -0.233356580550531  -0.071924934473210
   1.358445638187336  -0.982582652869093  -0.104997625352219   0.313643810197235
   1.013647062731290  -0.539600334143574   0.023361329846093   0.912493995210586
   0.419307698193892  -0.270567923307685   0.151720285044405  -0.866222139420862
  -0.279057450676115  -0.118344898293029   0.280079240242717   0.210514792490330
  -0.910464239099301  -0.039949450464089   0.408438195441029   0.316964657839406
  -1.320322264188079  -0.004535811270667   0.536797150639341  -1.118103877905144
  -1.408283987102369   0.008628421099663   0.665156105837654  -0.022761176752871
  -1.152813310300419   0.012184955069111   0.793515061035966  -0.773169192183708
  -0.616458365314683   0.012707479017229   0.921874016234278  -1.309158974487460
   0.069462451289671   0.012724334628459   1.050232971432590  -0.788662941851081
   0.737011801283105   0.012741190239689   1.178591926630902  -1.494727163824514
   1.222750322189734   0.013263714187807   1.306950881829215  -0.222525296239280
   1.407752283368459   0.016820248157256   1.435309837027527   0.102949020693843
   1.246722752553768   0.029984480527585   1.563668792225839   0.301750995657969
   0.779087374990320   0.065398119721007   1.692027747424151   1.628693049781828
   0.119339600459607   0.143793567549947  -1.645305087731965  -1.141052472595580
  -0.570991306325217   0.296016592564603  -1.516946132533653  -0.219536679008054
  -1.122888263251161   0.565049003400492  -1.388587177335341   0.637956157345292
  -1.401227647183481   1.008031322126011  -1.260228222137029  -0.167365168107761
  -1.337862269510162   1.698285457589986  -1.131869266938716  -1.382945899308074
  -0.948306184630439   2.727337378769229  -1.003510311740404   0.186966494678797
  -0.327936308366295  -2.701888709512311  -0.875151356542092   1.047801863458831
   0.371359177416984  -1.672836788333068  -0.746792401343780   0.561203047586654
   0.978368349016964  -0.982582652869093  -0.618433446145468   0.665598662263886
   1.344474191041014  -0.539600334143574  -0.490074490947156   0.002249613961180
   1.380041224974027  -0.270567923307685  -0.361715535748844   0.065704934699939
   1.076361400465530  -0.118344898293029  -0.233356580550531   0.255501723620622
   0.507786129759344  -0.039949450464089  -0.104997625352219   0.044642239189800
  -0.186477531119851  -0.004535811270667   0.023361329846093   0.963160692509977
  -0.836449624697172   0.008628421099663   0.151720285044405   1.760532658892200
  -1.282994313895646   0.012184955069111   0.280079240242717   0.206363157821564
  -1.416781885008998   0.012707479017229   0.408438195441029   0.363121604718610
  -1.205056474624016   0.012724334628459   0.536797150639341  -0.487583385547251
  -0.699655847384779   0.012741190239689   0.665156105837654  -0.954328305471006
  -0.024319703302539   0.013263714187807   0.793515061035966   0.054405280839204
   0.655606116379942   0.016820248157256   0.921874016234278  -0.179916084407538
   1.173652057762426   0.029984480527585   1.050232971432590  -2.766852873611627
   1.402982406910647   0.065398119721007   1.178591926630902   0.442467203536698
   1.287449096177581   0.143793567549947   1.306950881829215  -0.012955794655514
   0.855338709395759   0.296016592564603   1.435309837027527  -0.567397759601928
   0.212446939625963   0.565049003400492   1.563668792225839   0.056626691394861
  -0.483823886257841   1.008031322126011   1.692027747424151   0.362586829257930
  -1.063002386785315   1.698285457589986  -1.645305087731965   0.501702020015243
  -1.383285465470961   2.727337378769229  -1.516946132533653  -2.509689971152210
  -1.366256654389657  -2.701888709512311  -1.388587177335341   0.402335948149361
  -1.016085200394655  -1.672836788333068  -1.260228222137029  -0.138372512778575
  -0.418505288080337  -0.982582652869093  -1.131869266938716  -0.114791535774949
   0.280174678690706  -0.539600334143574  -1.003510311740404  -0.882045255156034
   0.908893476737215  -0.270567923307685  -0.875151356542092  -1.388827600396862
   1.313718816962753  -0.118344898293029  -0.746792401343780   5.863147443399953
   1.395535337302783  -0.039949450464089  -0.618433446145468   0.707936410805723
   1.134311500127164  -0.004535811270667  -0.490074490947156   0.369355080053049
   0.594004011276307   0.008628421099663  -0.361715535748844  -0.175125625807733
  -0.093101012096651   0.012184955069111  -0.233356580550531  -0.312783377736573
  -0.758776296644566   0.012707479017229  -0.104997625352219   0.009234188348319
  -1.240041316472930   0.012724334628459   0.023361329846093   0.134109253241259
  -1.419065610023410   0.012741190239689   0.151720285044405  -1.230589205707899
  -1.252017786544333   0.013263714187807   0.280079240242717  -0.075320222305997
  -0.779796979219897   0.016820248157256   0.408438195441029   0.647633583429285
  -0.118019310959535   0.029984480527585   0.536797150639341   0.288990923989351
   0.571288964743560   0.065398119721007   0.665156105837654  -0.258244276544431
   1.119361141530713   0.143793567549947   0.793515061035966   0.040578790492766
   1.392010035839023   0.296016592564603   0.921874016234278  -0.778621141653839
   1.322481689379200   0.565049003400492   1.050232971432590  -0.561041397602052
   0.927799066250463   1.008031322126011   1.178591926630902  -1.237010582623262
   0.304594237632427   1.698285457589986   1.306950881829215  -0.556271290414910
  -0.394550519400969   2.727337378769229   1.435309837027527   0.468564753775082
  -0.998460184802112  -2.701888709512311   1.563668792225839  -1.413652245178760
  -1.359276610394903  -1.672836788333068   1.692027747424151   0.244641673425315
  -1.388659351281457  -0.982582652869093  -1.645305087731965  -0.123424570869488
  -1.079414487733831  -0.539600334143574  -1.516946132533653  -0.614054621207106
  -0.507255947640149  -0.270567923307685  -1.388587177335341  -1.202371959128116
   0.187731903657963  -0.118344898293029  -1.260228222137029   0.757812279359828
   0.835391801614045  -0.039949450464089  -1.131869266938716  -1.928690880110284
   1.277154015279847  -0.004535811270667  -1.003510311740404  -1.912707756437056
   1.404859747754156   0.008628421099663  -0.875151356542092   2.349841123143524
   1.187242181834137   0.012184955069111  -0.746792401343780  -0.446482505284308
   0.677581687334953   0.012707479017229  -0.618433446145468  -0.431511250392356
   0.000660928341155   0.012724334628459  -0.490074490947156  -0.838471989409405
  -0.677786284908766   0.012741190239689  -0.361715535748844  -0.237630507060509
  -1.191652412937467   0.013263714187807  -0.233356580550531   0.213136182440990
  -1.415125105895775   0.016820248157256  -0.104997625352219  -0.009945924782347
  -1.293490454664857   0.029984480527585   0.023361329846093  -0.530142019988668
  -0.856528864022808   0.065398119721007   0.151720285044405   0.384547570158780
  -0.211223770927043   0.143793567549947   0.280079240242717  -0.207853356572417
   0.484431632030682   0.296016592564603   0.408438195441029   0.319938946910020
   1.060116640375957   0.565049003400492   0.536797150639341   0.125101524558751
   1.374883486349286   1.008031322126011   0.665156105837654  -0.106156766267116
   1.351666268178864   1.698285457589986   0.793515061035966  -1.083833474012269
   0.996149370601601   2.727337378769229   0.921874016234278   0.278421259236001
   0.395375729229681  -2.701888709512311   1.050232971432590  -0.557215136915195
  -0.303564315815813  -1.672836788333068   1.178591926630902  -0.371225501411523
  -0.929545865121486  -0.982582652869093   1.306950881829215   1.004863633894851
  -1.329306803547547  -0.539600334143574   1.435309837027527   0.206754072105965
  -1.404971711217157  -0.270567923307685   1.563668792225839  -2.737788492081862
  -1.138015179826888  -0.118344898293029   1.692027747424151   0.932292582594438
  -0.593797478695596  -0.039949450464089  -1.645305087731965  -0.110272754783270
   0.094437918683911  -0.004535811270667  -1.516946132533653  -0.225518652909394
   0.758186983984512   0.008628421099663  -1.388587177335341  -0.467453642353781
   1.234940796962688   0.012184955069111  -1.260228222137029   1.725922893486149
   1.407973396830871   0.012707479017229  -1.131869266938716   1.016404626487525
   1.234920368418437   0.012724334628459  -1.003510311740404   2.877621893692714
   0.758151128516112   0.012741190239689  -0.875151356542092  -0.073566303815927
   0.094395414960530   0.013263714187807  -0.746792401343780  -0.172713843747883
  -0.593836224280105   0.016820248157256  -0.618433446145468  -0.586908122897618
  -1.138040681002137   0.029984480527585  -0.490074490947156  -0.044719612644741
  -1.404977724406062   0.065398119721007  -0.361715535748844   0.101511526143173
  -1.329291856511745   0.143793567549947  -0.233356580550531  -0.525439581961106
  -0.929513617416639   0.296016592564603  -0.104997625352219   1.297375791617416
  -0.303522662804745   0.565049003400492   0.023361329846093  -1.077763101708825
   0.395416589437161   1.008031322126011   0.151720285044405  -0.173582421343468
   0.996179434001653   1.698285457589986   0.280079240242717  -0.797998790822552
   1.351678174202657   2.727337378769229   0.408438195441029  -0.251597627362096
   1.374874319986958  -2.701888709512311   0.536797150639341  -1.265451494581414
   1.060088645872695  -1.672836788333068   0.665156105837654  -0.258172724690249
   0.484391663417226  -0.982582652869093   0.793515061035966  -1.988165833517625
  -0.211265927940165  -0.539600334143574   0.921874016234278  -0.273824158038862
  -0.856562887928506  -0.270567923307685   1.050232971432590   1.343878778375064
  -1.293508015224391  -0.118344898293029   1.178591926630902  -0.061699193751858
  -1.415121903671724  -0.039949450464089   1.306950881829215   0.294982725971544
  -1.191629231945962  -0.004535811270667   1.435309837027527  -0.919453068531277
  -0.677748800664992   0.008628421099663   1.563668792225839   0.504910607369257
   0.000703538387014   0.012184955069111   1.692027747424151  -0.003340297990649
   0.677618990757592   0.012707479017229  -1.645305087731965  -0.499812712152637
   1.187265045454694   0.012724334628459  -1.516946132533653   1.768759696797431
   1.404862573760921   0.012741190239689  -1.388587177335341  -0.327170158941542
   1.277136111767802   0.013263714187807  -1.260228222137029  -0.581186837314279
   0.835357551987348   0.016820248157256  -1.131869266938716  -1.320297227898805
   0.187689693419725   0.029984480527585  -1.003510311740404  -0.219687936690228
  -0.507295783951473   0.065398119721007  -0.875151356542092   0.367914989161391
  -1.079442196799889   0.143793567549947  -0.746792401343780   1.559630352195950
  -1.388668148956490   0.296016592564603  -0.618433446145468  -0.120495919986779
  -1.359264342701234   0.565049003400492  -0.490074490947156   0.042609170957405
  -0.998429855299002   1.008031322126011  -0.361715535748844   1.854685384452418
  -0.394509553808557   1.698285457589986  -0.233356580550531   0.244511385627709
   0.304635809508393   2.727337378769229  -0.104997625352219   0.026692669021487
   0.927831066164876  -2.701888709512311   0.023361329846093  -0.750757506891361
   1.322496282636977  -1.672836788333068   0.151720285044405  -0.319567940658424
   1.392003649501702  -0.982582652869093   0.280079240242717   0.471342373846982
   1.119335339196401  -0.539600334143574   0.408438195441029   0.482486255833144
   0.571250063723585  -0.270567923307685   0.536797150639341   2.646672676272070
  -0.118061786338763  -0.118344898293029   0.665156105837654  -0.149857603321125
  -0.779832629504162  -0.039949450464089   0.793515061035966  -0.008523448569662
  -1.252037883300700  -0.004535811270667   0.921874016234278   0.436820513735409
  -1.419065232865021   0.008628421099663   1.050232971432590  -0.423581816306951
  -1.240020557741313   0.012184955069111   1.178591926630902  -0.055834796866474
  -0.758740238801207   0.012707479017229   1.306950881829215  -0.651173294575498
  -0.093058483359165   0.012724334628459   1.435309837027527   0.952371859723793
   0.594042598389742   0.012741190239689   1.563668792225839  -0.145963626278308
   1.134336698145406   0.013263714187807   1.692027747424151  -0.297771863298027
   1.395540976872155   0.016820248157256  -1.645305087731965   1.116976008839425
   1.313703517319986   0.029984480527585  -1.516946132533653   3.067407286146826
   0.908860983768452   0.065398119721007  -1.388587177335341  -1.228373196664906
   0.280132947807932   0.143793567549947  -1.260228222137029  -1.096291933670723
  -0.418546039701604   0.296016592564603  -1.131869266938716  -0.119642065265395
  -1.016114995336265   0.565049003400492  -1.003510311740404  -0.278709627818354
  -1.366268197810770   1.008031322126011  -0.875151356542092  -1.392700369009003
  -1.383275931139498   1.698285457589986  -0.746792401343780  -0.617509024871823
  -1.062974109038139   2.727337378769229  -0.618433446145468   0.222736482551677
  -0.483783788473682  -2.701888709512311  -0.490074490947156   0.698787045509797
   0.212489040111085  -1.672836788333068  -0.361715535748844   0.290154907911968
   0.855372504914779  -0.982582652869093  -0.233356580550531  -1.082760885260126
   1.287466312408783  -0.539600334143574  -0.104997625352219  -1.152425343896952
   1.402978828720196  -0.270567923307685   0.023361329846093  -1.090133557183971
   1.173628561216138  -0.118344898293029   0.151720285044405  -0.274793005768593
   0.655568454251819  -0.039949450464089   0.280079240242717  -0.962203482201720
  -0.024362310010019  -0.004535811270667   0.408438195441029  -0.918294649026851
  -0.699692967063665   0.008628421099663   0.536797150639341   0.432705940007000
  -1.205079019082323   0.012184955069111   0.665156105837654   0.949868520910263
  -1.416784334577066   0.012707479017229   0.793515061035966   0.635574830686670
  -1.282976068833781   0.012724334628459   0.921874016234278   0.246919013798796
  -0.836415152032837   0.012741190239689   1.050232971432590  -0.241819451674993
  -0.186435270963552   0.013263714187807   1.178591926630902   0.418203446054880
   0.507825830647471   0.016820248157256   1.306950881829215  -0.370486010469710
   1.076388821923454   0.029984480527585   1.435309837027527  -0.806925474573596
   1.380049653272492   0.065398119721007   1.563668792225839  -0.843046952889140
   1.344461562638608   0.143793567549947   1.692027747424151   1.242870171316860
   0.978337755787028   0.296016592564603  -1.645305087731965  -0.163119523640604
   0.371318109649181   0.565049003400492  -1.516946132533653   0.773136312124894
  -0.327977795850117   1.008031322126011  -1.388587177335341  -0.114366116501931
  -0.948337934247315   1.698285457589986  -1.260228222137029  -1.494068602464257
  -1.337876507846574   2.727337378769229  -1.131869266938716  -0.374282189473212
  -1.401220888198095  -2.701888709512311  -1.003510311740404  -0.885069961038069
  -1.122862161779329  -1.672836788333068  -0.875151356542092  -0.499491044007982
  -0.570952252917562  -0.982582652869093  -0.746792401343780  -0.460580695292271
   0.119382044166854  -0.539600334143574  -0.618433446145468   1.905396530702334
   0.779122817297350  -0.270567923307685  -0.490074490947156  -0.599259422890058
   1.246742515947726  -0.118344898293029  -0.361715535748844  -1.057820688619636
   1.407751529081232  -0.039949450464089  -0.233356580550531   0.005382515723879
   1.222729234897141  -0.004535811270667  -0.104997625352219   0.193349066208358
   0.736975543889819   0.008628421099663   0.023361329846093   1.376273605586465
   0.069419900870088   0.012184955069111   0.151720285044405  -0.728468866766382
  -0.616496790933850   0.012707479017229   0.280079240242717   0.733213545576931
  -1.152838203187458   0.012724334628459   0.408438195441029  -0.843596826593120
  -1.408289252610363   0.012741190239689   0.536797150639341  -0.433402378184877
  -1.320306613137030   0.013263714187807   0.665156105837654  -0.202090802395504
  -0.910431503412356   0.016820248157256   0.793515061035966  -0.551235247630093
  -0.279015645191134   0.029984480527585   0.921874016234278   0.104113408036430
   0.419348338036168   0.065398119721007   1.050232971432590   0.525520499575930
   1.013676586880108   0.143793567549947   1.178591926630902  -0.250914728897726
   1.358456818101374   0.296016592564603   1.306950881829215  -0.732347513211096
   1.369274806466061   0.565049003400492   1.435309837027527  -0.085145510048297
   1.043481931131960   1.008031322126011   1.563668792225839   0.139382173613245
   0.460843650404610   1.698285457589986   1.692027747424151   2.554372773514773
  -0.235989864373509   2.727337378769229  -1.645305087731965  -0.237054540813900
  -0.876409465866268  -2.701888709512311  -1.516946132533653   0.010115065659774
  -1.303618100213802  -1.672836788333068  -1.388587177335341   0.648608253042539
  -1.413020194305837  -0.982582652869093  -1.260228222137029   1.698364035612306
  -1.177830299977222  -0.539600334143574  -1.131869266938716   0.052651471206593
  -0.655631105893923  -0.270567923307685  -1.003510311740404   1.512658479369070
   0.025724812898881  -0.118344898293029  -0.875151356542092   0.345474995864976
   0.699417764362298  -0.039949450464089  -0.746792401343780  -0.109506054579034
   1.200504218114997  -0.004535811270667  -0.618433446145468   0.379549879955430
   1.406300734277291   0.008628421099663  -0.490074490947156  -2.009841612402593
   1.266421148288231   0.012184955069111  -0.361715535748844  -0.593485726823071
   0.815112861269050   0.012707479017229  -0.233356580550531  -0.295692706808657
   0.162871881808811   0.012724334628459  -0.104997625352219   0.837739163329527
  -0.530610450621211   0.012741190239689   0.023361329846093   0.021762947510218
  -1.095545475000273   0.013263714187807   0.151720285044405   0.463731803772070
  -1.393617394562605   0.016820248157256   0.280079240242717   0.916660271084823
  -1.351847807777728   0.029984480527585   0.408438195441029  -1.130692066605703
  -0.980463366255847   0.065398119721007   0.536797150639341   0.056843728271357
  -0.370391933766729   0.143793567549947   0.665156105837654   0.146964561939914
   0.328999726031250   0.296016592564603   0.793515061035966  -0.324058004659721
   0.946476142682673   0.565049003400492   0.921874016234278   1.428794985024093
   1.330857554148379   1.008031322126011   1.050232971432590  -0.169559681099360
   1.388033985131181   1.698285457589986   1.178591926630902  -0.572770867437038
   1.104006651228745   2.727337378769229   1.306950881829215  -0.335748996451758
   0.548315349579958  -2.701888709512311   1.435309837027527  -0.117587908784588
  -0.142987308759881  -1.672836788333068   1.563668792225839  -1.508881289510350
  -0.800646323006097  -0.982582652869093   1.692027747424151  -0.385195666989047
  -1.263643829811240  -0.539600334143574  -1.645305087731965   2.672389831629308
  -1.418621891906851  -0.270567923307685  -1.516946132533653  -1.637189536233440
  -1.227636474643049  -0.118344898293029  -1.388587177335341  -0.116673739076028
  -0.737447469015301  -0.039949450464089  -1.260228222137029  -0.449918968230421
  -0.068070239540516  -0.004535811270667  -1.131869266938716   0.240230397764130
   0.616608322658860   0.008628421099663  -1.003510311740404   0.905737092415757
   1.148955026556765   0.012184955069111  -0.875151356542092  -0.367077790521139
   1.398632832798628   0.012707479017229  -0.746792401343780   1.630446434634497
   1.304511906598526   0.012724334628459  -0.618433446145468  -0.340734726641788
   0.889636333272304   0.012741190239689  -0.490074490947156  -1.200664863233624
   0.255582122461679   0.013263714187807  -0.361715535748844   0.266749274861872
  -0.442412141613232   0.016820248157256  -0.233356580550531  -0.070999884305531
  -1.033453119705898   0.029984480527585  -0.104997625352219  -0.317114601908677
  -1.372833367104495   0.065398119721007   0.023361329846093  -0.781783887962064
