signal propagation velocity: 340.0
sampling rate: 8000.0
room size: 10.6 x 6.5 x 2.7
reverberation time: 0.2
source locations:
0.11 2.95 1.1
0.11 3.95 1.1
sensor locations:
1.3 2.95 1.1
1.3 3.95 1.1
filters:
-9.921460433373673E-20 3.273225737711713E-19 -4.2778810312243236E-7 1.7983520138889205E-6 -4.196722389262139E-6 7.706992257475377E-6 -1.2420442489688313E-5 1.8428206505080373E-5 -2.583147166973445E-5 3.47337887782089E-5 -4.525293051986414E-5 5.751401820008676E-5 -7.166309288991989E-5 8.786248155582157E-5 -1.0630689719949614E-4 1.2722320614365657E-4 -1.508913258949523E-4 1.7765243759092713E-4 -2.0794016999602647E-4 2.4230613853854096E-4 -2.814750389809644E-4 3.264098174041147E-4 -3.784277906076565E-4 4.3936990322434634E-4 -5.118945494308179E-4 5.999730360286399E-4 -7.098106352155958E-4 8.514470836870954E-4 0.06582901434479321 -0.004112876269209538 -0.00710502206707634 -0.0026098073176627767 -0.009846149243845331 0.026818794351315872 -1.652563404458962E-4 -0.010160936723686897 -0.0046370658265557085 -0.007775046117941109 -0.00478370252529059 -0.006463543823996831 -0.004374020011446655 -0.005394026949625985 -0.003797076302861968 -0.0044442268727227785 -0.0031758161968852283 -0.003591417532349206 -0.0025667074642599097 -0.002834223599239849 -0.0019987269976170507 -0.0021759760423825103 -0.0014835534174381104 -0.0016233751946047037 -0.001018003382716709 -0.0011894828117789413 -5.761772885952976E-4 -9.221793081472529E-4 -3.6107938481882984E-5 -0.0011485022594204808 0.0020851403992161455 0.018924407416418265 -0.006150467457660097 0.006728787920580431 0.003934420132185645 -0.0038429465377606276 -9.030870118446888E-4 -0.0025429451685529125 -0.0010561669955480857 -0.0021007336941591404 -8.773240810487914E-4 -0.0018317215478824145 -6.018771081896385E-4 -0.0016567748226293533 -2.7212307692156545E-4 -0.0015769742374714402 1.2431167769207108E-4 -0.0016397626239484098 6.705298788220598E-4 -0.002017578196643041 0.0017493075208090125 -0.003846138523148815 0.01209536855988165 0.003065804586807469 0.003355143331614477 0.002406884868993528 -0.003905074632579872 -1.5099623749123547E-4 -0.0026905995509945713 -5.42503821692214E-4 -0.0021006019865284498 -6.211574016933563E-4 -0.0016812063787725734 -5.920694466703819E-4 -0.0013424514166555657 -5.204907569271167E-4 -0.0010558991166991355 -4.3331221826074795E-4 -8.121188315369371E-4 -3.4358087763548817E-4 -6.058188840995932E-4 -2.589054590697859E-4 -4.331595307391356E-4 -1.83176857090607E-4 -2.9150156139695627E-4 -1.1759987747930745E-4 -1.7813401367804127E-4 -6.239396041922418E-5 -9.020234108349234E-5 -1.695125541617548E-5 -2.4820660560309626E-5 1.9809010264597304E-5 2.0708033531085385E-5 4.9851722690633093E-5 4.8332655741107136E-5 7.46681512026632E-5 6.179762414732295E-5 9.395669836930343E-5 6.483388227709885E-5 1.08419832388761E-4 5.954993603795732E-5 1.1970312114620936E-4 4.744030413250525E-5 1.2911763519469913E-4 2.982715195702472E-5 1.37720724723755E-4 8.557949894542113E-6 1.442598727739281E-4 -9.477224781666294E-6 1.3265017738735545E-4 3.193802741922099E-5 -1.5880272873884053E-4 0.008513378669962463 0.005449834861535223 4.88661894694408E-4 -0.0016503738549016756 -9.947527593201395E-4 -0.0011523793159484153 -0.0011429802057790692 -8.571236534911375E-4 -0.001251838901799529 -4.1704759321253143E-4 -0.0017877249033321704 0.0022555455952114264 0.00665754358713487 7.619379056664904E-4 -0.0013441187236692964 -0.0018275059141684702 -0.001065777439869589 -0.0016636241952024816 -8.359185749827608E-4 -0.001634519722846478 -6.008580824931609E-6 0.0032856028797229597 5.116395127663514E-4 -0.0013883827116243086 -0.0011809078746449347 -0.0011678615706228468 -9.558291781412709E-4 -0.0010537940090985937 -6.337782188051561E-4 -0.0012431893081759626 0.0018047132943388583 0.0031585493401996984 -8.221216992906899E-4 -7.31615190200624E-4 -0.0011894798136285328 -4.424214854668179E-4 -0.0011857862263243424 -3.317120483817271E-5 -0.0016811048371841164 0.0038489967003024345 0.0054591497127544075 -7.784389903503636E-4 -0.0011672223410035404 -0.001083870502664952 -0.0010699236139909973 -7.956798614396493E-4 -0.0012080928558784315 0.0027297646580823343 0.001610075276740175 -0.0012713946862137615 -9.89654124158773E-4 0.0012364048337482753 1.2190141554076217E-4 -0.0010920797606283755 -0.0012794058836819583 0.0012643044589121105 0.002748775936120551 -0.001601684658187788 -5.329231222218067E-4 -0.0018701615700092156 0.0025832287080486682 0.0022846160507612456 -0.0014728520753832797 -0.0010809818207739158 -0.001187773773338785 -9.806340326776186E-4 -9.619297361799783E-4 -8.470708833461654E-4 -7.609154267383261E-4 -7.194787558725546E-4 -5.66023892696374E-4 -6.274364632267715E-4 -3.3530632789907644E-4 -7.04865719540107E-4 0.0011747117382219924 0.0013352432897267771 -7.493482510194174E-4 -2.3411910669108443E-4 -5.715390922419045E-4 -1.4789820576047857E-4 -5.738772208092324E-4 4.467818732461007E-4 0.004212162333109573 9.741672805817225E-5 -7.230076435143576E-4 -5.271684739616839E-4 -5.430804280853255E-4 -4.8121818761134166E-4 -4.4253421638362767E-4 -4.149444278749234E-4 -3.527794101382542E-4 -3.5069951589550286E-4 -2.6813790860946707E-4 -2.958122294479462E-4 -1.843844107453363E-4 -2.604576475021374E-4 -8.370127017945025E-5 -3.021948281168932E-4 9.642414509540946E-4 4.605952212551681E-4 -3.503903477177113E-4 -1.0165998892702408E-4 -2.2107360672605006E-4 -1.0467323784393856E-4 -1.603673400569182E-4 -8.750161565058978E-5 -1.1590830772890276E-4 -6.82130103739232E-5 -7.952937921951002E-5 -5.180715185214638E-5 -4.7564245743939026E-5 -4.1600939197458664E-5 -1.5104358641659932E-5 -4.566170461004285E-5 3.734377043417003E-5 -1.256580876214464E-4 6.775133811280504E-4 0.0019823633746458074 -1.1219494056085785E-6 -1.8423847779195767E-4 -2.634451596717248E-4 -1.2666520595953738E-4 -2.741741410824169E-4 -5.5636592158731304E-5 -3.611080951428647E-4 4.102815602737703E-4 0.0021139924344605546 -3.71984132384701E-4 -2.669233690159728E-4 -3.771169177128955E-4 -2.4840648497406054E-4 -3.275224272157144E-4 -2.186884627803365E-4 -2.709814971280679E-4 9.293539671249018E-4 -8.594685330566912E-5 -3.413556542566955E-4 -2.4696747217238524E-4 -2.628652924158044E-4 -2.1977076953547114E-4 -2.15378437460452E-4 -1.8341872427912048E-4 -1.749930650113904E-4 -1.4720237519761162E-4 -1.3942424418464383E-4 -1.1346558304731885E-4 -1.0869575474235782E-4 -8.25470311278595E-5 -8.364077860707926E-5 -5.41267661775726E-5 -6.456563894599067E-5 -2.7717112263478047E-5 -5.20510800780076E-5 -2.316946045979873E-6 -4.654358811117046E-5 2.317205570252258E-5 -4.853645072122083E-5 5.0305229519827244E-5 -5.974466245771935E-5 8.312595418428007E-5 -7.963985452480622E-5 0.0013113053293987926 7.198524256672766E-5 -8.192635286452662E-5 -1.5487016294398652E-4 1.6356797491066596E-6 -2.0045787932693616E-4 6.306403831785219E-5 -2.4518262922353356E-4 1.3599498590187269E-4 -3.093207901565245E-4 2.4035365807609146E-4 -4.237449835385659E-4 4.312582162144321E-4 -7.190119820017883E-4 0.0013205532764905218 -3.0375413821763595E-4 0.005283681636180845 0.002566111240010031 -0.001575435770863982 -4.372961865737532E-4 2.9327059723589094E-4 0.002750180920069071 -0.002002520597676853 5.991891828120016E-5 -0.001899588018995979 0.0021592564249415316 7.619168790026845E-4 -0.001291297437067164 -8.328585558257939E-4 -8.807786879009502E-4 -8.371788879139794E-4 -6.866698552566372E-4 -7.656613715684366E-4 -5.221512601040548E-4 -6.915359168490412E-4 -3.567961737399872E-4 -6.46080798950649E-4 -1.6021945938056448E-4 -6.932662884627169E-4 2.6180229670100946E-4 -4.2605669052732387E-4 0.001869190569895221 0.002540067158888666 -0.0013042918597707745 -3.850006423993663E-5 -8.305613986832674E-4 1.1693258896747216E-4 -5.064000069826616E-4 -2.5462588101544253E-4 -4.6878191194916347E-4 -2.0368093294870215E-4 -3.784142404851948E-4 -1.5740365689934782E-4 -3.017824854079608E-4 -1.0988794935778978E-4 -2.4198555948711994E-4 -5.8299679779220265E-5 -2.091717134728513E-4 4.8172970261731174E-5 1.517933755349997E-4 -4.936807923485581E-5 -1.396984112318582E-4 4.0701657701968166E-5 -2.2233680508633273E-4 5.462515741626456E-4 7.660051680993801E-4 -3.5457185240348084E-4 1.3906910814931797E-4 9.017662056796244E-5 -8.737779842571229E-5 -1.2722796971071856E-4 -6.121568422994168E-5 -1.079371717805401E-4 -4.808371813362633E-5 -8.57373406260211E-5 -4.4165643641931075E-5 -2.2008704326444833E-5 0.0010356763835247798 -1.7051827043427711E-4 7.196866415169756E-5 7.747501010081995E-5 -1.6911409022264678E-4 -1.0976812951526624E-4 -1.157110600717038E-4 -1.1197420015526642E-4 -8.41440865241537E-5 -1.087182917126027E-4 -5.205911600538425E-5 -1.1308398645654485E-4 -4.278068785726168E-6 -1.6592251382198647E-4 4.373085406384723E-4 1.9165575267919566E-4 -1.7895198924643054E-4 -3.23738468582151E-5 -1.0663586729446964E-4 -4.9797095642165924E-5 -7.311676656171495E-5 -5.32541611187598E-5 -4.7120753378173535E-5 -5.4859193160301974E-5 -2.263250243213482E-5 -5.953652238178779E-5 5.194477641187918E-6 -7.478693671124186E-5 5.073115027420718E-5 -1.3868713752616642E-4 2.993274967901345E-4 0.001025267432640739 -2.4447528092908953E-4 -2.551595500553845E-5 -1.4589030531232932E-4 -6.129914728076474E-5 -1.0190731472567698E-4 -8.638468487778741E-5 -5.01492931018286E-6 2.5000080476820716E-4 -1.6000370976395565E-4 -3.780621603282231E-5 -1.1821912220796697E-4 -3.855772759266997E-5 -9.934080677496179E-5 -2.8465859102806343E-5 -8.985423200442641E-5 -7.697367050827318E-6 -1.060230569205154E-4 2.618508251473429E-4 4.097774964289657E-5 -8.75064416225842E-5 -3.707450416117874E-5 -5.471311679508886E-5 -3.9648500139749694E-5 -3.7976545966389615E-5 -3.7223999644166346E-5 -2.435621194003465E-5 -3.4975994896338514E-5 -1.1276065466119239E-5 -3.505685425444702E-5 3.467383692575595E-6 -4.092460366312287E-5 2.672643579818999E-5 -7.126602783407137E-5 1.6330509006929088E-4 3.71820970291641E-4 -9.13655276728949E-5 -1.8084182207459432E-5 -4.755304235693446E-5 -3.668433322020397E-5 -2.40995780502796E-5 -4.983051811620863E-5 1.8253148016547996E-6 -7.309528410195942E-5 5.186584382401837E-5 -1.615421225743905E-4 4.093416882745989E-4 0.001140262367610436 -4.575686699540278E-4 3.024035082460283E-4 3.9654446885579835E-4 -8.23716393814778E-5 9.046294839695074E-5 4.318682994901334E-4 -8.713518140981286E-5 -3.4536027609363695E-4 -6.737165043660225E-5 -2.5473823021976427E-4 -8.403510134459558E-6 -2.0505961991571647E-4 -8.428592721762898E-5 -3.0737077553560227E-4 4.285852795374995E-5 -4.440095535115443E-4 6.537683611018523E-4 2.7070308539297108E-5 6.943940560695579E-4 0.0019239343295811163 -0.0012020376676980752 8.477898323254011E-4 3.1916578889284314E-4 -4.896166827279523E-4 0.0015108025587060106 3.2751800059595965E-4 -3.186926885762123E-4 0.0015150474210550643 -0.0011964306127559346 5.959060919703135E-5 5.572512731832902E-4 -6.955500259798603E-4 -5.652543535121651E-4 3.9917568065191145E-4 -8.496775298626122E-4 3.39990095924933E-5 7.56896851676063E-4 -0.001031720243714146 -2.2332199346560694E-4 5.780564937762356E-4 -3.038978784118476E-4 4.9870703099264E-4 -6.4715113004473745E-6 1.53298392709042E-4 9.219341778686635E-4 -2.124010298141521E-4 -7.021451742161983E-4 1.7096875275559448E-4 3.4154571724841903E-4 -7.877721605336965E-4 3.1954353137181313E-4 -3.371009342650125E-4 -8.191548282111133E-5 5.326851190057616E-4 -5.974525483361387E-4 4.278027017582259E-4 -7.581095058886017E-5 -7.025082762577156E-4 -1.3554084104653447E-4 -4.3384121027293526E-4 2.352257676394992E-4 -1.60776756399153E-4 -5.372556366370976E-4 -2.0057569045767165E-4 2.900231819190427E-4 -5.076020124033936E-4 1.2727121853172568E-4 -6.491298548789853E-4 1.9736657530486368E-4 -3.6058770160225795E-5 -4.372511970377885E-4 -9.661593288023962E-6 -4.4739115742523095E-4 -1.6530201210605833E-4 -3.7091521107215225E-4 -1.3922825253746829E-5 -2.2652542351975918E-4 -6.758081370781058E-5 -3.2959988309171767E-4 5.762057226790449E-4 0.0011441398587267622 -4.0167266406114857E-4 2.7365255647087555E-4 5.141152713633926E-4 1.6411646394146398E-4 0.001043393253440824 -2.564114070888329E-4 -1.0591379783294469E-4 5.10006880314804E-4 -6.115339385150305E-4 1.9616980730778957E-4 -7.84722963765895E-5 -2.7342903517601005E-4 -3.1416485317831144E-4 -2.318163853945593E-4 5.114609352058729E-4 -4.422152434847802E-4 -1.5889737483183036E-4 3.6297394963880417E-4 -4.639603204304177E-4 5.533034787784039E-4 -5.6888137145796186E-5 -1.7093777453841552E-4 5.340497291802665E-4 -4.5839287286963265E-4 1.2003303274948918E-4 5.574227013069172E-4 -6.660093296777317E-4 5.935012666138939E-4 -3.81921492013694E-4 0.0017602129716855174 7.310902916547041E-6 1.5407802832468134E-4 5.656312971302965E-4 -2.0120837198094044E-4 9.677250494279158E-4 -6.156560138050951E-4 3.7879146313348627E-4 -6.2379139703235E-4 -4.133280376197729E-4 1.8346287074320206E-4 -7.454049685875416E-4 -3.1225088189179573E-4 -6.448778272708719E-4 2.8033535999771875E-4 1.845471573289209E-4 -5.778634003121286E-4 -2.6247124098099234E-4 -2.47020945626647E-4 6.468340123835098E-5 -5.062072432485479E-4 -1.3420828321762668E-4 -3.8437990818230433E-4 -2.7704506288251524E-4 -3.069325121760058E-5 -1.5961365187329435E-4 -2.880375237782548E-4 -1.5720754218453634E-4 3.7521113659813934E-4 5.282751261301635E-5 -1.3563222826600344E-4 -1.3433276181518128E-4 1.0689265086575098E-4 -8.451751438525584E-6 -2.022421581487424E-4 -2.295747655860214E-5 1.2733632048532104E-4 1.3200600905687726E-5 -1.1168472193298987E-4 -9.947714804822011E-5 4.0838157398847066E-5 -1.1051947281083205E-4 -3.546275096858939E-5 -1.2762758321933042E-4 1.4586580059487188E-4 6.562527855417596E-5 -9.594161520747047E-5 -6.992051531821801E-5 -1.8407981336340112E-5 1.1028594329024095E-4 -9.644643076884684E-5 1.1644690545694822E-4 6.948226897208788E-4 1.0608200548850328E-4 -1.2127071218450119E-4 0.0010450319583026517 7.962834400262733E-4 5.419013819695107E-4 2.1540917058276467E-4 -1.3079525858072406E-4 3.716360068645539E-4 -8.894363364413127E-5 -3.402745153778114E-4 -4.175225171360354E-4 -2.970595197695283E-4 9.113890085892667E-5 -1.3812877657057993E-4 -4.819031256589612E-4 2.4265829586041232E-4 2.7645143070128414E-4 -2.3786135550839943E-4 -3.046309440005758E-4 -2.6465133273948296E-4 -3.0084714142782076E-4 -2.4279605480592367E-4 -2.1345396848719903E-4 -2.2003164996612506E-4 -1.986485155503724E-4 1.4714267370680156E-5 -9.187272373870764E-6 -1.339258085833947E-4 5.623655226727475E-5 3.820841163906796E-5 -1.164602790092728E-4 -8.203050955539123E-5 1.203051494384072E-5 -4.811496020748485E-5 2.4376308618442345E-4 5.438348770583391E-5 1.6649161665473027E-4 -1.4138562749311037E-5 2.5531823407975475E-4 -1.3250714779865398E-4 5.879797756105226E-5 -6.919715618475611E-5 3.116949713280644E-5 -1.5891976250332826E-4 -7.743775164541049E-5 -1.0533835265415237E-4 6.92750532765192E-5 2.848815072940651E-5 -1.3042032084251663E-4 -4.616989739388358E-5 1.5175742558582762E-4 -2.1462326634087703E-5 -2.061461209526029E-4 2.989620168588787E-4 2.4044502273007536E-4 -3.6154025898842146E-5 1.8275364426221727E-5 1.673658847403149E-5 1.8744536013568305E-4 -4.433224402529759E-5 -9.90887355326233E-5 -6.312600586809783E-5 1.5256674644373303E-5 -1.5050287085020646E-4 -1.1930400423197651E-4 9.693360980500554E-5 1.413961350967101E-4 -1.7988946329037386E-4 -6.950816416848027E-5 4.599120158465218E-5 -7.626248239648269E-5 -1.0510564008562456E-4 -3.257512582720973E-5 -1.0933189651822842E-4 -6.503834513153783E-5 9.18837271901736E-6 -9.21021683728436E-5 2.538790383410129E-5 -8.990196602955657E-5 1.2553458558165528E-4 2.680371857248509E-5 2.6086420195111162E-5 4.459741490505688E-5 1.4783017121155952E-4 7.541965577741432E-5 3.7570434149297033E-6 5.526163016762557E-5 -3.830985448445654E-5 -4.069614166076277E-6 -1.3129303911885767E-4 -4.708151901191594E-5 4.199697892163373E-5 -4.108345970767462E-5 -6.725028123988341E-5 -5.425300853054236E-5 1.813884576530589E-5 -6.8098943268027E-6 -5.728834150702834E-5 1.3036048861469682E-4 -3.4732024231255015E-5 7.730450003045394E-5 9.247203675608918E-6 1.7189827878021785E-4 -4.442733160380224E-5 1.554081425766355E-5 -7.876914016984732E-5 2.7468144949958397E-5 -8.341860870962527E-5 -4.582724493475479E-5 9.401995268380845E-5 -3.656119762204379E-5 -2.3272483548332848E-5 1.3518861507726826E-6 2.5713753403328564E-5 -4.2491426715627646E-5 -8.37412077732691E-5 -4.723057769649014E-5 -6.325649776635616E-5 -3.573686383671632E-5 -5.825990556438711E-5 -9.278345085364514E-7 -1.1355054636908064E-5 -1.3798818627404341E-5 -4.026716077596814E-5 2.2027157707353237E-5 2.213065836082287E-6 3.0313387907286715E-6 -2.0271763586479728E-5 -2.251596297084442E-5 -5.81297615978929E-6 -1.5387419455070456E-5 1.0419524509444784E-5 -2.6018530668141856E-5 -1.6671048421263313E-5 -1.1041489388883413E-5 9.541277944199403E-6 -1.8797678776561084E-5 1.716189819321763E-5 3.5930384171861847E-6 1.665012864716952E-5 -1.885919488264407E-5 2.664363690623407E-4 8.887574018998285E-5 9.500937731888323E-5 6.644423341260579E-6 1.1529427023507406E-4 -5.0275194747989235E-5 -4.7458487374838626E-5 -4.739038472259538E-5 -5.280141410727137E-5 -5.498059235615679E-5 -1.9449027665715147E-5 1.4622564909464678E-4 -7.894053617706499E-5 4.19052831251987E-6 -5.496426258237014E-5 -3.7618753649139303E-6 -1.0579321273054571E-4 7.261168974389415E-5 2.4311407973301707E-4 -6.152586774938254E-6 9.395537803167861E-5 1.9925428384118173E-4 1.4349569570542946E-4 -1.1622389760728227E-4 1.6033728251972114E-5 -6.000397387401733E-5 -5.25250493302095E-5 -1.4580354519997708E-4 3.191963357932993E-4 7.655353870091638E-5 -4.7807269932149087E-5 3.935239789181703E-5 4.9163629876624454E-5 -1.272574675749913E-4 -1.1673165430924407E-4 -1.227273126515674E-4 -7.671651327732266E-5 -1.1361870519559746E-4 2.612975155446423E-5 1.1085340267443997E-4 -1.4557658269693206E-4 -2.163402654026432E-5 2.2987284001730474E-6 -7.532293064533256E-5 -1.4221132904591871E-5 -4.334351320842752E-5 -6.603789985121407E-5 -2.876827061369918E-5 -3.368157614057517E-5 -8.994118606319226E-6 -5.997196750439325E-5 -4.3543497259900844E-5 -3.054013540045291E-5 -3.5909240825309115E-5 3.642267419724874E-5 -3.8852882263621345E-5 1.1839595506582708E-4 7.121666201237789E-5 2.8352534250839466E-5 1.170986264253885E-4 1.138069253841115E-4 -5.59523222967229E-6 2.6691832504914526E-6 -2.5131941052034326E-5 -2.03025023843657E-5 -9.636875493043099E-5 6.616756747289312E-5 -1.6727267477300092E-5 -7.013086635710309E-5 6.578286734326526E-5 -4.095354832879192E-6 -5.930558831579967E-5 -4.2858756208139295E-5 -4.964598211063074E-5 -3.7162388913067855E-5 -3.454600667717172E-5 1.8649508174738323E-5 -1.9177360253436887E-5 -4.151163836234014E-5 2.0641045206410726E-5 -2.4534768159439804E-5 -1.997666008476777E-7 -6.088629537686751E-6 -3.384012078677537E-5 -8.838884823892269E-6 1.2941959372847044E-5 5.862625791271808E-6 -1.4824511764740915E-5 -4.115538955298207E-6 -8.950023127749472E-6 -2.1418104463874228E-5 1.1346246187276046E-5 -4.541288277974025E-6 -8.896054444548903E-6 -7.544173382058664E-6 4.370358696476279E-5 1.8287786877284546E-5 -2.590881986581678E-5 8.173969777283208E-6 7.169452074984664E-6 -1.7363899399920266E-5 -8.780519495278074E-6 -9.414027641840763E-6 -5.5805777427633905E-6 -8.623772057351998E-6 -3.920057794046163E-6 -5.809059353353461E-6 1.4991113634336213E-5 -1.6105983563202003E-6 -7.3554388914857764E-6 1.3044157400245323E-5 -1.2184009285501883E-5 6.627764935686017E-6 -1.9310348375242963E-6 -5.8399418242774176E-6 5.449887304928786E-7 1.2750452565158808E-5 9.846296912741125E-6 -4.358827048860266E-6 -4.413861872366431E-6 -1.598007559931421E-6 1.0708093468417583E-5 -8.598200141150141E-6 -4.00230356811511E-6 2.5234057199778398E-6 -4.494103632912325E-6 -4.344838674348811E-6 -4.587451507780181E-6 1.2437703468288629E-6 -1.541343208084217E-7 -7.725004307713242E-7 -3.9408511495051175E-6 7.377275795683076E-5 3.992632759321598E-5 2.1010475536998576E-5 6.030957649886084E-5 3.157440243959405E-5 -1.400031857046733E-5 -1.1436766209311578E-6 -7.471761288669254E-6 -3.699873174511535E-5 3.144369854712241E-5 1.920183661956805E-5 -3.4879848013658456E-5 1.795956926914171E-5 -1.777448241031777E-5 -1.921152512128965E-5 -2.5763305341329305E-5 -1.915286961363884E-5 -2.4630368346324457E-5 1.5955190586912794E-6 -1.8908108066471125E-5 -5.18851632068211E-6 -5.03236697113889E-6 -9.46409917684343E-6 -7.85020586055278E-6 5.22793628734892E-5 3.729459074952308E-5 1.3788453732651532E-5 5.0967455194328914E-5 2.5561228645249985E-5 -2.091905039740944E-5 -4.89610053967934E-6 -1.7074372961864252E-5 -3.973459392106319E-5 3.280237862293765E-5 2.771096509014215E-5 2.007615028095551E-4 1.6248988850898517E-4 5.47287405125523E-5 8.130408600893774E-5 -3.937494460494115E-6 -9.143772352856365E-5 -4.687429118840035E-5 -6.610482495089578E-5 -8.291283619291795E-6 1.0326172484794588E-4 -7.167772461764976E-5 -4.9100339777049216E-5 -4.995451323431578E-5 -6.264144179768567E-5 -5.290012973492141E-5 -4.9350212253401575E-5 -5.061671807807689E-5 7.22631486389097E-7 -1.8835179515856205E-5 -4.350726063606994E-5 -1.9333363895079718E-5 -4.4103422211302576E-5 6.232487242181697E-5 7.061031040639723E-8 2.5111334843535248E-6 2.1483648685724152E-5 -7.590103729517624E-6 -1.523320601831777E-5 -1.3968917890572197E-5 -2.904345111253955E-5 -1.9404658672805743E-5 5.383945526916175E-6 -2.7733352274230457E-5 -1.1979760415398253E-5 3.2036539611958025E-5 1.882109667898516E-5 -1.867792256891789E-5 -1.4155839980265535E-5 -1.954419117497757E-5 -5.0220858318597746E-6 -4.866492682395387E-6 -2.249068335025595E-5 9.031100595868063E-6 -2.788599077026212E-5 3.4583882229543466E-5 -7.049579632570184E-5 2.2194444925186288E-4 2.912104208760745E-4 4.041746194930265E-5 1.5468183185456293E-4 3.074767967244964E-5 -2.8501092546348843E-5 1.633488206253769E-4 -7.53110340662006E-5 1.0180516470678809E-4 1.924055685558713E-4 -7.98903036094284E-6 8.351423231714537E-5 -7.377101677547449E-5 2.7302462253251183E-6 9.788376128642973E-5 1.0951252136978326E-4 5.453404935854521E-5 2.1694750032877005E-5 3.963312327217444E-5 1.1697921471898534E-5 -1.0547324773606259E-4 -3.371195957183916E-5 -5.5234042232114866E-5 6.939349016346803E-5 -7.968152351492223E-5 -1.9543140126144186E-4 -9.850660682405449E-5 -8.300713474261243E-5 -6.940764954614306E-5 -9.928443318306217E-5 -1.2868796169677836E-4 7.163078918848154E-6 -9.269324595263112E-5 -2.898500882585718E-5 -5.017303625458672E-5 -8.351014980789023E-5 1.9979522236654793E-5 -9.537322144858272E-5 -1.9639537302220192E-5 -4.236938080517602E-5 -4.965736280894764E-5 -2.1385053928388298E-5 -5.5665272480505054E-5 2.7673979852441133E-5 -5.150526745793457E-5 -9.23762143673068E-6 -6.284388610208313E-5 8.468595104303266E-5 2.869088829380844E-4 2.1027784472304675E-5 8.163047855807605E-5 2.8392353167542433E-5 -7.757659416453462E-6 1.272528536990095E-4 -5.693744271072134E-5 9.102924042497969E-5 1.3027183839044078E-4 -1.0880820067255947E-4 -5.2119705093661185E-5 -8.815774717859434E-5
0.0 0.0 0.0 0.0 0.0 -1.2095181807102775E-6 5.0825409972014266E-6 -1.1855589203814598E-5 2.176162980981846E-5 -3.561091117992682E-5 5.432449825324722E-5 -7.828803181456995E-5 1.0789001053123899E-4 -1.435650922790414E-4 1.857644129923307E-4 -2.3500597756666495E-4 2.9185015309146216E-4 -3.569584445487709E-4 4.310811132627268E-4 -5.151297858566562E-4 6.101888944934937E-4 -7.176162015288827E-4 8.391019764231445E-4 -9.768322731402205E-4 0.0011336528632193382 -0.0013133873673124832 0.001521262964259138 -0.0017646599739591544 0.0020543113526458176 -0.002406486092330461 0.0028470635507674034 -0.003419949066404817 0.004205863442287914 -0.00537352016404463 0.007347529370084131 -0.011606052854303921 0.02972773879383968 0.03338122828355344 -0.012947620154673198 -0.00180913436657415 0.002493892870860104 0.021561082593183595 -0.014446407126944227 5.642361155339115E-5 -0.009552846981729535 -0.00161042277010498 -0.007583304506949273 -0.001981654965143076 -0.006234910932280513 -0.0019119270703181201 -0.00517040280647979 -0.0016353472884623743 -0.0043008266065612255 -0.0012449396249152311 -0.0036063671146803755 -7.742861048495864E-4 -0.0031003018758691825 -2.1157586752851287E-4 -0.0028398302078794235 5.397391066172541E-4 -0.003032689016639084 0.0019471768932580735 -0.0050680081544807465 0.013873597619511707 0.005951803124636057 -0.0028952246045801378 0.009487412373223397 -0.004855110543354163 -4.243220968779271E-4 -0.003074067714854717 -9.410415595614285E-4 -0.0022378861633234326 -0.0010825547860504048 -0.0016013558453344678 -0.001132373905542411 -0.0010382793999461903 -0.001184194425966123 -4.8567127680626543E-4 -0.0013127781256576515 1.4215222946357964E-4 -0.0016609964308797603 0.0011140895213452295 -0.0028989815588560536 0.005276580790238586 0.009354244534255998 7.53479305162369E-5 0.005595590021849048 -0.004478048976424051 1.6035883716829236E-4 -0.0028374724522915867 -4.035812325818705E-4 -0.0021554068736950593 -5.423310634468381E-4 -0.001698493891527167 -5.426814065656038E-4 -0.0013436809657412924 -4.8542728120541667E-4 -0.0010519528970020092 -4.062850447085625E-4 -8.06575173763438E-4 -3.2246972810344443E-4 -6.002109304667491E-4 -2.4189629211938957E-4 -4.2902328813018004E-4 -1.688548540935142E-4 -2.893074775851129E-4 -1.0527049373246916E-4 -1.7800844285377482E-4 -5.148762258568723E-5 -9.215056888119133E-5 -6.9711710150299755E-6 -2.880092424476649E-5 2.9330190814025325E-5 1.4893008369477184E-5 5.8750518682555014E-5 4.1508301143028045E-5 8.295391800988185E-5 5.4008148471434286E-5 1.020106160543469E-4 5.6060586990901336E-5 1.1677018205330167E-4 4.919167918068074E-5 1.2995506666872866E-4 3.296447079318386E-5 1.4576187492087718E-4 4.355292057643418E-6 1.7246289910033668E-4 -4.8219501606928256E-5 2.3524593885845E-4 -1.7592780613336165E-4 4.700108840047573E-4 -8.778366094528206E-4 0.007886492223919368 0.006141683068257422 7.940836354035452E-4 -0.0016240737907397239 -9.356654880559624E-4 -0.0012423707404172757 -9.472943103799661E-4 -0.0011171470168853254 -8.346810151896866E-4 -0.0010342039490978672 -6.568470140834101E-4 -0.0010208675386811292 -3.196975593839982E-4 -0.001487686592276674 0.005424202348633493 0.004792109185549828 -5.854499155179202E-4 -0.0015050107866724088 -0.0012631185381470622 -0.0012073523311606493 -0.0011562665965383356 -9.774763301847733E-4 -0.0011833401037287944 0.002773251666384896 0.0019501127996864043 -0.0012759347649810016 -9.811817268861878E-4 -0.001329740348693667 -6.70966850953511E-4 -0.0013377175081026038 -1.9774839469915984E-4 -0.0018553940837003763 0.0029486883777385814 0.010486941109992792 0.00100313567204377 -0.0019387254473331034 -0.001704223542489211 -0.0015981295678809543 -0.0014244995351542222 -0.0016105497781073314 -3.5573708447296515E-4 0.003092185300327066 -6.61844925322827E-4 -0.0014006190792175827 -0.0014413151894438064 -0.0010914212547073615 -0.0012626572146334503 -8.242497054378739E-4 -0.0012390632929824563 0.0023918076382412057 0.002590105078001101 9.543219530891295E-4 -9.931145700554783E-4 -0.0011949236991209145 -0.0010877247939318213 -9.554815681113299E-4 -9.366411833302141E-4 -7.470830027847819E-4 -8.102034955805026E-4 -5.068055407216748E-4 -8.296526498245832E-4 3.4560505543186626E-4 0.004263396587486867 -7.634258362462787E-6 -8.720621335220058E-4 -7.477089437144535E-4 -6.485328964654924E-4 -6.447040448118238E-4 -5.215016053872132E-4 -5.242456233710904E-4 -4.1968923297713845E-4 -3.8965331108434254E-4 -4.0291240461764327E-4 1.5874303308430204E-4 0.0021993642230583588 -6.876429194991041E-4 0.0036939143004126387 0.0014791364216570554 -0.0011917156321942998 -5.303046166162048E-4 -8.436341225338054E-4 -5.406690481505744E-4 -6.866304636155424E-4 -4.7968499362474604E-4 -5.646073894308712E-4 -4.0273356029914276E-4 -4.5955173313610986E-4 -3.237837155201928E-4 -3.6809464446617424E-4 -2.4834797494437816E-4 -2.8972306428381306E-4 -1.7868201824260133E-4 -2.2477995728759081E-4 -1.1500302137928964E-4 -1.7439920704988635E-4 -5.483902496949966E-5 -1.4305185337988927E-4 1.2452617622431966E-5 -1.5788584334176445E-4 0.0011623656509766756 3.4572247501676867E-4 -2.2201333792814734E-4 -7.244824519664524E-5 -1.1742332144335475E-4 -8.821991929663237E-5 -6.597955112593382E-5 -9.259875219254192E-5 -1.8197165657093256E-5 -1.0940870902508872E-4 5.2660835667924996E-5 -2.0521789103068126E-4 9.862826044381894E-4 5.416625958238911E-4 -2.755734583206127E-4 -5.4351490805638544E-5 -1.4089840115240424E-4 -1.3683486691695116E-4 1.184349530599458E-4 0.0011102467767803298 -2.3881863058739135E-4 -1.1173364518416058E-4 -2.561405133685232E-4 -7.646542559809968E-5 -2.868647095877752E-4 2.078442297871637E-4 0.0021791337350154615 -2.16949761920264E-4 -3.046434257186568E-4 -3.6015138607106874E-4 8.354111854500662E-4 -7.600281334575743E-5 -4.4475641823165865E-4 -2.992769633623875E-4 -3.474480769240819E-4 -2.784005475453856E-4 -2.8761735566664587E-4 -2.429234353264094E-4 -2.3514715314608067E-4 -2.05537483969169E-4 -1.870229102164632E-4 -1.701521707132246E-4 -1.42816176646271E-4 -1.388796743955617E-4 -1.0210378762776431E-4 -1.1342990771595965E-4 -6.357959130065712E-5 -9.643514703879495E-5 -2.3160243490269114E-5 -9.58663571719847E-5 3.794355689207621E-5 -1.6690570946380733E-4 4.1465175055351196E-4 0.0031534809935039624 -2.908968748120636E-4 -1.4986034614130478E-4 -5.243270631697626E-4 6.552112410477939E-4 0.0012525960040693247 -8.458143852943904E-4 2.9040830753859076E-5 -9.020454513572682E-4 0.0014136614106829773 0.0018039889148907598 -9.190454373404627E-4 -3.386384804283972E-4 -6.492479350589386E-4 -3.7556849654554053E-4 -5.286586385143885E-4 -3.4435366086489616E-4 -4.4488317645248465E-4 -2.571348711202445E-4 8.44589900943632E-4 -2.143446260070951E-4 -4.465778693630053E-4 -2.601627359673786E-4 -3.9611330885001503E-4 2.8933425208746075E-4 -8.664873863251793E-5 -3.2046050269912696E-4 0.0017874803036214068 -1.1614560317020281E-4 -4.619235190873837E-4 -2.947989512491825E-4 -3.609600714209564E-4 -2.5703085066130366E-4 -3.001583365673903E-4 -2.0712612889219745E-4 -2.502858882317341E-4 -1.5592380338214432E-4 -2.0935261124396462E-4 -1.0508900116710726E-4 -1.7899927182796552E-4 -5.2742017502566824E-5 -1.6390047575203306E-4 8.746748138201144E-6 -1.7898423228043976E-4 1.1302113668879184E-4 -3.209794633021214E-4 7.978683695503783E-4 0.0028048880146830883 -1.4904063967926054E-4 -2.7062426980977057E-4 -4.8381975101548236E-5 0.0016990855892091497 -3.3160618344190915E-4 -2.5269883761385933E-4 -6.8928453852048E-4 0.001449861430926777 9.628071874747887E-5 -7.136072832754047E-4 -3.45460414542427E-4 -5.463140248056705E-4 -3.2686935346141685E-4 -4.648116074148466E-4 -2.790431800637032E-4 -3.125929354074221E-4 2.7689329322693607E-4 -1.4518345613757921E-5 -2.4856674900388884E-4 -4.025197369907918E-4 -6.995404902094063E-5 -5.561260738347965E-4 0.0013548884251411014 5.10548948284395E-4 -5.747026011789363E-4 -1.5451572794370969E-4 -3.466279291560112E-4 -2.1836346908189405E-4 -1.0582183264201336E-4 6.577303691757824E-5 -3.0161660111818756E-4 -1.2147123238990046E-4 -2.074420801535179E-4 -1.1828756644214136E-4 -1.3719467436082086E-4 -1.3162628277315486E-4 8.473713539924876E-5 1.2093585122704975E-4 -1.7800398978623337E-4 -2.3453949122767895E-5 -1.1666426669829089E-4 -1.8882039862916367E-5 -8.704664199109258E-5 5.76397360868737E-6 4.4362688248377087E-4 -6.3304169891538475E-6 -1.0111872616074165E-4 -1.7924198746567706E-5 -8.242670683770558E-5 5.788267663635917E-4 -7.151592881237713E-5 5.069483425007761E-4 -7.065269442488569E-5 -1.1192063915421626E-4 -1.545077800667212E-4 4.4132425201496087E-5 3.547399163218671E-4 -2.1155136155513472E-4 -7.495126549131662E-5 -1.5034914386747797E-4 -7.876819112253956E-5 -1.2075836380547045E-4 -7.021490347385549E-5 -9.80277347712305E-5 -5.8679602457308716E-5 -7.883600371161315E-5 -4.662144268086869E-5 -6.248199536300694E-5 -3.487569479717831E-5 -4.9008802588399077E-5 -2.3387502382083564E-5 -3.9169348133604766E-5 -1.0761123529808535E-5 -3.596438301411639E-5 1.0163317987140624E-5 -6.134267489869881E-5 2.2520129660039568E-4 1.7048307448961362E-4 -1.1516342503372929E-4 3.8421350651489904E-5 -9.133062418100477E-5 5.193663235880013E-5 -1.2495264971024113E-4 2.8341211972701284E-4 5.4748370363649334E-5 5.736288678358735E-4 1.013073621569955E-4 -1.7689947141891291E-4 -3.8984579943343936E-5 -1.263913927978715E-4 -5.032592338135699E-5 -1.0428767643870605E-4 -4.767483613789345E-5 -8.8889897553103E-5 -4.000987954309431E-5 -7.708650787356924E-5 -2.9590217225448044E-5 -6.865682011042602E-5 -1.6534773565982444E-5 -6.532736395797618E-5 2.766100583882769E-6 -7.868173956562027E-5 9.129280210705285E-5 2.2711769159059012E-4 -6.64430592302416E-5 -3.678616689779422E-5 -3.144352958091333E-5 -4.664399050923439E-5 -1.1655780800062798E-5 -5.262225843365295E-5 7.329387421488049E-6 -6.130069970620641E-5 3.0128886692165364E-5 -7.798905288552982E-5 6.438139632902176E-5 -1.1686052400955264E-4 1.4178206988983417E-4 -2.7412097331950126E-4 0.0010265586940963313 7.458098953675397E-4 -4.8437478075198485E-4 5.671571126886891E-4 1.7673915071929423E-4 -3.47028108481761E-4 1.8570600065848965E-4 4.917702399713673E-4 -1.84457828183094E-4 -1.4666507652055447E-4 -2.441236638738159E-4 -1.8111461357495431E-4 -1.794342556974641E-4 -1.55190829896212E-4 -4.193792855402417E-6 -4.5985023783920963E-4 0.001879018503890913 7.872787205072621E-4 -1.7299491478671783E-4 0.0024605874991870946 -4.101490835557303E-4 1.6278849026163736E-4 0.0020277637202710634 -5.016905146930581E-4 -2.9242234225177605E-4 4.5735317985424323E-4 -8.76156092615446E-4 -9.62926471050618E-5 -4.36742488444046E-4 -7.315606245926476E-4 -6.437958520455617E-4 -5.487719310995065E-4 -8.017339395367182E-4 8.430606757833872E-4 -1.53256826757181E-5 -5.102092414416004E-4 2.3458807962404432E-4 4.906378551449847E-4 6.78597975264747E-4 -5.835849151501205E-4 1.8291717592047035E-4 -6.373584087105769E-4 -5.6525534258555776E-5 0.0017248054130459614 -3.273266251286877E-4 -2.075041708416575E-4 1.0136579859741646E-4 -7.967402678592597E-4 6.912188688200163E-4 3.438641966986289E-4 -4.638011547035206E-4 -2.471842696942228E-4 -6.634514755989862E-4 4.3064855997185236E-5 6.933361433070287E-4 -7.382493556861366E-4 -4.5833813354568403E-4 -6.997687515789691E-4 1.836368574584385E-4 6.785400029793928E-4 -2.702688409477044E-4 -3.4846131018854976E-4 -4.6391894762785185E-4 -1.8679796601867027E-4 7.963697876440384E-5 -4.075311158443923E-4 -4.1074641256987066E-4 -5.7102250260850085E-5 -2.5053943405974055E-4 -5.153203808490325E-5 -2.723459214882956E-4 -2.271799531528909E-4 -2.4812430369244853E-4 -1.166774935876802E-4 5.475519502851772E-6 1.3775655677291526E-4 -4.616645195173151E-4 9.932128703159203E-4 5.454780552613149E-4 -2.485382786780871E-4 8.106996429676772E-4 -1.9516498787265982E-4 6.342627264646697E-4 0.0011082460098095666 -4.239281015498801E-4 3.221066970578966E-4 -2.8057185194453604E-4 -2.782819358035857E-4 2.2744685604291284E-4 -5.789688046925964E-4 -1.7089146741908895E-4 -5.76447144491777E-4 3.622387964475303E-4 1.7293337699172268E-5 -9.175398653531175E-5 4.408772395386902E-4 -3.772698312414641E-5 5.845889115790835E-4 -1.4257893016131687E-4 6.592576650152476E-4 -2.3082387470673912E-4 0.0010583356952258982 -7.516043628488442E-5 -5.206691760297338E-4 6.60590346308769E-4 -6.598928956729894E-4 4.790238912764505E-4 1.0299162733720668E-5 -4.535602379054926E-4 2.490450987502127E-4 -2.9571569237050316E-4 1.42688252172965E-4 -4.0737416245917313E-4 -3.2422441769612564E-4 -3.062066506535205E-4 -2.814476879339084E-5 1.829308949221134E-4 -6.987971496811088E-4 -2.0555148463764772E-4 -6.168334570417627E-4 5.355055306714429E-4 1.5923892109522692E-4 -4.1047353384658647E-4 2.387747542062016E-4 -2.770956346466666E-4 5.977100954676698E-4 -3.435871404931304E-4 -6.3181050730040655E-6 -3.892111654892928E-4 -9.054979595902318E-6 1.0354798753004976E-4 -2.812827008223315E-4 -4.477758894040618E-5 -3.004791833562774E-4 1.790001394071268E-4 3.2389743764079174E-4 -2.3258053087834782E-4 -8.294363849871075E-5 1.399791769295805E-5 5.556847991739743E-4 -1.6306291536297146E-4 1.1366295176435531E-4 -1.058363370955058E-4 -1.0842547780964135E-4 7.456684310760617E-5 -2.923444266569597E-4 -2.2624344829179702E-4 -6.955009499212683E-5 3.2443243210167685E-4 -4.042121386069568E-4 2.2275397822048293E-4 -3.0450791697181345E-4 7.937982789659112E-4 2.4552594614928036E-4 -2.9777516658096095E-4 1.759481214291779E-4 -1.9829031280801587E-4 2.716257502045072E-4 -3.847725610419128E-4 -3.118156133857797E-5 -2.419333489063237E-4 1.322271557536274E-4 -1.771584363670052E-4 -1.6965217164820537E-4 -1.9515001591778255E-4 7.236450852543541E-6 3.527269515270909E-6 -1.908812871492839E-4 -1.0449383237323001E-4 -2.502626675385429E-5 -2.0413017874752748E-4 2.173232049427782E-4 1.1532511201853973E-4 1.3448939520511322E-4 2.2702463974642179E-4 -1.665893657240916E-5 3.5700726060395455E-4 -2.304902148859509E-4 1.9165754508381448E-4 -2.1637976338352918E-4 4.5855872765444144E-5 -6.788560977583416E-5 -1.1691192556905622E-4 -2.018564491485693E-4 1.3675507779167297E-4 -7.731277060147278E-5 5.428040802207615E-4 -1.5630539114637639E-4 2.9005355542100625E-4 -8.732333688441819E-5 5.555711798990379E-6 1.3930742173260714E-4 -1.345996846591948E-4 -1.468383782132713E-4 -1.9914193933852527E-4 -1.4056699488686035E-4 -1.3569323887364405E-4 2.678093228821645E-4 3.564872823800212E-5 3.397516291039626E-4 -1.1828086339621922E-4 2.8033257136095453E-4 -5.6691167141284526E-5 -1.4334014518712149E-5 -1.1612508034250513E-4 -5.4066032670833236E-5 -7.075482407521705E-5 -1.8070963541529095E-4 -9.80633102952936E-5 -9.745602303544258E-5 3.55404527567384E-4 -4.301533462603563E-5 -4.529287237039874E-5 5.774138401035481E-5 1.2653797392381087E-4 3.408247657610969E-5 -9.964198950696869E-5 -8.405199388872818E-5 -4.929703932357588E-7 -1.3292349619770973E-4 -1.2125251991175479E-4 -1.4318625963950088E-5 8.520432408157773E-5 -3.838713597207645E-5 -1.6851918234992921E-4 1.0950754013366523E-5 1.4187532258515614E-5 -1.2701610342705748E-4 -6.228107056848418E-5 -8.754780564051295E-5 -1.0256022063384433E-4 -9.268895189252016E-5 -9.169825053055233E-6 -8.788840595427491E-5 1.377204178226385E-5 4.469279959355872E-5 -1.3048365338679327E-5 -4.502550773795473E-5 -1.012265594217427E-5 -6.486957086357902E-5 7.083791892514586E-5 -6.929203493076692E-5 1.3394996447086034E-4 4.7937483231546424E-5 4.644897285231535E-5 3.9018264713795194E-5 1.1106369602009898E-4 8.16735461121364E-5 -4.7488473849028635E-5 1.3096064289367E-5 -7.295945973466618E-5 3.382505562742055E-5 -5.684817231883452E-5 -5.7702735288645696E-5 1.2148107221955032E-4 1.1673619090432456E-4 -5.395471648337452E-5 7.127730709138337E-5 1.0663914563310839E-4 1.1063384510867288E-4 -1.0880329316897367E-4 3.155380524029992E-5 -8.064045840480098E-5 -1.5833608326848783E-5 -1.1735107608522224E-4 -4.4519557111590176E-5 1.1014746833087116E-4 -4.320158709143068E-5 -1.1846513750759721E-4 -1.1212915630326795E-5 -1.7799734134970463E-5 -4.1194264837170896E-5 -6.214934879169957E-5 -6.424390807668445E-5 -6.682161515976417E-5 -2.8173193918256713E-5 -2.7558947008988165E-5 -5.332038253555958E-6 -1.4941474372029591E-5 -3.3816099950893796E-6 -1.7252978678247537E-5 1.652612601453756E-5 -1.806258352896918E-5 2.7340333643280368E-5 -2.8153101762730566E-5 -2.5362087858993645E-5 -2.7340747570588162E-5 2.952101773906913E-5 2.7112919538027462E-5 -2.6278455998705614E-5 -3.636759297618534E-5 3.454616916086445E-5 2.180696276516715E-5 -3.0044862267450054E-5 -1.4261407558103806E-5 4.191893645762168E-6 6.9044608752575135E-6 -6.063644152822824E-6 -1.357670271838994E-5 2.201106714210801E-5 1.5894320972568228E-4 5.711076014156902E-5 2.0383395973480687E-5 9.505994631046726E-5 7.929994952669611E-5 4.688421247800835E-5 1.9041160429269155E-4 3.150192170871041E-5 7.26499248510158E-5 -9.003215376389732E-5 1.0726339055063677E-4 -4.608132569388929E-5 -3.417115279383178E-5 -1.1246804071454123E-4 4.873064985352633E-5 -1.3813811483274E-4 6.984962094746649E-5 2.287437050768268E-5 -9.4145409058468E-5 -6.913009341592228E-5 -5.615523351553721E-5 -6.035929819540528E-5 -1.1118022520957387E-5 -1.2862377680987556E-4 9.00301854407726E-5 1.2649142095676018E-4 2.2100585305863396E-5 9.700250400567802E-5 9.554418603268527E-6 3.9465641501830635E-5 -1.2229717739029554E-4 -2.1421173005300824E-5 -7.591020293667983E-5 2.0254125681653384E-5 -1.2017222744354489E-4 1.7628656107535837E-4 -1.1643131353204685E-4 4.2969115324225336E-5 3.6446300542150936E-5 3.143221735032488E-5 9.045684365284728E-5 9.940402242813139E-5 4.720564610211867E-5 1.5218411060402733E-5 -1.3753839394085518E-5 2.35300735643958E-5 -9.795207798250077E-5 -9.642922687495663E-6 5.290390133193008E-5 -1.1007828339630165E-4 1.9235704260591076E-5 1.7533350472917313E-5 -8.739142348923763E-5 -3.0829363037348026E-5 -6.038874711966711E-5 -6.729363213513109E-5 -6.376530763649128E-5 -4.6362876975601826E-5 -3.003436324891095E-5 -5.405031812293678E-5 -1.5596268185874215E-5 -2.6261046570811956E-5 -5.205789494230374E-5 2.209168280844099E-5 -2.462432438823329E-5 4.270004955292308E-5 2.8605831297366137E-5 -4.407599939225144E-5 -1.8363046177866625E-5 -1.3218971825008224E-5 -1.5896034330789132E-5 -2.6877250640469988E-5 -9.669331876505354E-6 -6.939003237801597E-6 -2.067356868522708E-5 7.276671401412705E-5 3.354696213918838E-5 2.0035074144876715E-5 5.976064335361459E-5 6.0504510811492784E-5 2.0777666854994437E-5 -3.380151771194013E-6 -5.556732916866831E-6 1.1509570038238659E-5 -3.898554703549162E-5 3.204550905370985E-5 -2.4127497019102613E-5 -3.1208990929199824E-5 2.2492719918103254E-6 -8.306213181149408E-6 -3.39831840843359E-5 -6.756938008690809E-6 1.1567070885109935E-6 -3.2000536720502154E-5 -2.510855722697835E-6 3.3479566969659043E-6 -1.8207077011771645E-5 1.0886454380188738E-5 -1.3871127019999055E-5 -1.1958700639766971E-5 3.39397435201224E-6 -1.7177163495853956E-5 -1.5185823592768662E-5 3.0966127808965127E-6 -1.732460928302636E-6 -1.3300988569771776E-5 -7.355321398612273E-7 -7.602643348572982E-6 -1.1756751088091814E-5 5.953341494790727E-7 -1.3319920270191783E-5 -2.9964981909293836E-6 -1.0075008797485541E-5 2.2139431798791614E-5 1.937312368633997E-5 -1.680187846218287E-5 1.1604580159907873E-5 2.0256459548630666E-6 -7.331753671163742E-6 9.22476360133294E-7 -7.274050267237352E-6 -3.9071363334823063E-7 2.3587356353326448E-7 -5.8733040115697055E-6 -4.502827066257906E-6 7.389943893818039E-6 -2.3248690145304205E-6 3.136279482270272E-6 5.741830104391012E-6 -4.9740891904294935E-6 5.259395215352928E-6 1.4840983175282195E-6 -6.253313426579079E-6 4.1178086076800965E-6 -2.5552796514654555E-6 1.7654209249003843E-6 -1.2537277220073088E-5 6.0071078717626196E-5 5.0530434792485834E-5 1.2899895764858095E-5 7.038025078105845E-5 2.364045724903216E-5 -3.7285003281106906E-7 -2.036458453959515E-5 5.43738412318803E-5 6.33039176543206E-5 5.439530100230126E-5 3.6132091245166505E-5 -4.290959158385855E-6 1.3398588556945337E-5 -5.950534673603751E-5 -1.9220866645290602E-5 -7.443756209314341E-5 6.975601639154332E-5 7.533864762940658E-5 -2.5116914134199267E-5 4.356593821423869E-5 -9.784068413597798E-6 -2.4823423776375742E-5 -3.2143969362728644E-5 -9.03841328699648E-6 -6.323802585059051E-5 3.809853430481987E-5 -1.2086004009473003E-5 -5.692358488610435E-5 -1.1179849285069404E-6 -5.139522428937882E-5 -1.1044445924726816E-5 -3.183002255594978E-5 -3.667147207017489E-5 -2.348012898414735E-5 3.424949612252943E-5 -2.1052218401476728E-5 2.3631353019571994E-5 1.7531949477703375E-5 -8.781555947470591E-6 4.932166719541411E-6 -1.27878388562889E-5 -2.400397270292719E-5 -6.225036439893531E-6 3.2857841911014714E-5 -3.590575653858886E-5 -6.984057920062653E-6 -1.2112809001632065E-5 -2.063235372674367E-5 -2.2441797784283728E-5 1.4727464729994907E-5 2.0230202506869334E-5 1.2979295169292205E-5 5.100399153700201E-5 -1.0205443878805783E-5 5.676017227487632E-5 9.711306126421269E-5 1.685674450370802E-5 1.5352076450734792E-5 4.5650527059936004E-5 -3.363651386742916E-5 -4.062736548463399E-5 -1.4249616146021389E-5 -4.812198178589296E-5 4.820904066563103E-5 -1.9974285360371043E-5 -4.3487669972393575E-5 -1.5289716542082974E-5 -1.944492874537268E-5 -2.835018838483411E-5 -6.669926367768031E-6 -3.95118324099308E-5 1.4122783786121168E-5 -1.614517417334498E-5 -1.8397733527478633E-5 -2.301398782468718E-5 2.2014335760685635E-6 -3.3900448365598024E-5 9.705884112601966E-5 3.3269507556897993E-4 6.572535595368491E-5 1.1479298805209094E-4 7.116148803472692E-5 -5.8302776521680384E-5 1.4347303961500038E-4 1.533517712435338E-5 -2.6049975047003418E-5 2.9092029203066014E-4 -1.0324193728633493E-4 9.239631058894065E-5 1.5810211804946628E-5 -8.657897752998873E-5 3.3873466827463207E-4 -5.075935596763476E-6 -1.178190909970761E-5 1.3143872243101887E-4 -1.550344065513274E-4 1.336158192179332E-4 -1.4053142013996031E-5 -1.878373629372286E-4 1.7396948837719584E-4 -1.5141667979410786E-4 -1.2055192584246345E-4 -1.0262164702365233E-4 -1.820114803220002E-4 2.199702559789636E-5 -9.732068099957067E-5 -1.4649714539442457E-4 -7.60924713748383E-5 -9.357362590668543E-5 -5.230186402567158E-5 -4.6780097164614634E-5 1.2452300900134272E-7 -4.581505987051246E-5 -5.779616003223978E-5 -6.196708060468917E-5 -3.8902727822044333E-5 -1.646216949652453E-5 -2.8120419686671234E-5 7.281129297469907E-5 -8.613468656144471E-6 1.5018056713754675E-5 9.042166197713655E-5 -5.6865595579298246E-5 8.800496500657208E-5 4.217923980449727E-5 9.82940122613938E-6 1.0991354476899955E-4 -8.755669061031191E-5 -2.8149483639997724E-5 -1.5663557330363245E-5 -2.834368735691456E-5 -9.190079855299522E-6 7.688006646992644E-5 2.9179202213206953E-5 2.0556407276123984E-6 9.926884064413201E-6 -5.228608595374794E-5
0.0 0.0 0.0 0.0 0.0 -1.2095181807102775E-6 5.0825409972014266E-6 -1.1855589203814598E-5 2.176162980981846E-5 -3.561091117992682E-5 5.432449825324722E-5 -7.828803181456995E-5 1.0789001053123899E-4 -1.435650922790414E-4 1.857644129923307E-4 -2.3500597756666495E-4 2.9185015309146216E-4 -3.569584445487709E-4 4.310811132627268E-4 -5.151297858566562E-4 6.101888944934937E-4 -7.176162015288827E-4 8.391019764231445E-4 -9.768322731402205E-4 0.0011336528632193382 -0.0013133873673124832 0.001521262964259138 -0.0017646599739591544 0.0020543113526458176 -0.002406486092330461 0.0028470635507674034 -0.003419949066404817 0.004205863442287914 -0.00537352016404463 0.007347529370084131 -0.011606052854303921 0.02972773879383968 0.03338122828355344 -0.012947620154673198 -0.00180913436657415 0.002493892870860104 0.021561082593183595 -0.014446407126944227 5.642361155339115E-5 -0.009552846981729535 -0.00161042277010498 -0.007583304506949273 -0.001981654965143076 -0.006234910932280513 -0.0019119270703181201 -0.00517040280647979 -0.0016353472884623743 -0.0043008266065612255 -0.0012449396249152311 -0.0036063671146803755 -7.742861048495864E-4 -0.0031003018758691825 -2.1157586752851287E-4 -0.0028398302078794235 5.397391066172541E-4 -0.003032689016639084 0.0019471768932580735 -0.0050680081544807465 0.013873597619511707 0.005951803124636057 -0.0028952246045801378 0.009487412373223397 -0.004855110543354163 -4.243220968779271E-4 -0.003074067714854717 -9.410415595614285E-4 -0.0022378861633234326 -0.0010825547860504048 -0.0016013558453344678 -0.001132373905542411 -0.0010382793999461903 -0.001184194425966123 -4.8567127680626543E-4 -0.0013127781256576515 1.4215222946357964E-4 -0.0016609964308797603 0.0011140895213452295 -0.0028989815588560536 0.005276580790238586 0.009354244534255998 7.53479305162369E-5 0.005595590021849048 -0.004478048976424051 1.6035883716829236E-4 -0.0028374724522915867 -4.035812325818705E-4 -0.0021554068736950593 -5.423310634468381E-4 -0.001698493891527167 -5.426814065656038E-4 -0.0013436809657412924 -4.8542728120541667E-4 -0.0010519528970020092 -4.062850447085625E-4 -8.06575173763438E-4 -3.2246972810344443E-4 -6.002109304667491E-4 -2.4189629211938957E-4 -4.2902328813018004E-4 -1.688548540935142E-4 -2.893074775851129E-4 -1.0527049373246916E-4 -1.7800844285377482E-4 -5.148762258568723E-5 -9.215056888119133E-5 -6.9711710150299755E-6 -2.880092424476649E-5 2.9330190814025325E-5 1.4893008369477184E-5 5.8750518682555014E-5 4.1508301143028045E-5 8.295391800988185E-5 5.4008148471434286E-5 1.020106160543469E-4 5.6060586990901336E-5 1.1677018205330167E-4 4.919167918068074E-5 1.2995506666872866E-4 3.296447079318386E-5 1.4576187492087718E-4 4.355292057643418E-6 1.7246289910033668E-4 -4.8219501606928256E-5 2.3524593885845E-4 -1.7592780613336165E-4 4.700108840047573E-4 -8.778366094528206E-4 0.007886492223919368 0.006141683068257422 7.940836354035452E-4 -0.0016240737907397239 -9.356654880559624E-4 -0.0012423707404172757 -9.472943103799661E-4 -0.0011171470168853254 -8.346810151896866E-4 -0.0010342039490978672 -6.568470140834101E-4 -0.0010208675386811292 -3.196975593839982E-4 -0.001487686592276674 0.005424202348633493 0.004792109185549828 -5.854499155179202E-4 -0.0015050107866724088 -0.0012631185381470622 -0.0012073523311606493 -0.0011562665965383356 -9.774763301847733E-4 -0.0011833401037287944 0.002773251666384896 0.0019501127996864043 -0.0012759347649810016 -9.811817268861878E-4 -0.001329740348693667 -6.70966850953511E-4 -0.0013377175081026038 -1.9774839469915984E-4 -0.0018553940837003763 0.0029486883777385814 0.010486941109992792 0.00100313567204377 -0.0019387254473331034 -0.001704223542489211 -0.0015981295678809543 -0.0014244995351542222 -0.0016105497781073314 -3.5573708447296515E-4 0.003092185300327066 -6.61844925322827E-4 -0.0014006190792175827 -0.0014413151894438064 -0.0010914212547073615 -0.0012626572146334503 -8.242497054378739E-4 -0.0012390632929824563 0.0023918076382412057 0.002590105078001101 9.543219530891295E-4 -9.931145700554783E-4 -0.0011949236991209145 -0.0010877247939318213 -9.554815681113299E-4 -9.366411833302141E-4 -7.470830027847819E-4 -8.102034955805026E-4 -5.068055407216748E-4 -8.296526498245832E-4 3.4560505543186626E-4 0.004263396587486867 -7.634258362462787E-6 -8.720621335220058E-4 -7.477089437144535E-4 -6.485328964654924E-4 -6.447040448118238E-4 -5.215016053872132E-4 -5.242456233710904E-4 -4.1968923297713845E-4 -3.8965331108434254E-4 -4.0291240461764327E-4 1.5874303308430204E-4 0.0021993642230583588 -6.876429194991041E-4 0.0036939143004126387 0.0014791364216570554 -0.0011917156321942998 -5.303046166162048E-4 -8.436341225338054E-4 -5.406690481505744E-4 -6.866304636155424E-4 -4.7968499362474604E-4 -5.646073894308712E-4 -4.0273356029914276E-4 -4.5955173313610986E-4 -3.237837155201928E-4 -3.6809464446617424E-4 -2.4834797494437816E-4 -2.8972306428381306E-4 -1.7868201824260133E-4 -2.2477995728759081E-4 -1.1500302137928964E-4 -1.7439920704988635E-4 -5.483902496949966E-5 -1.4305185337988927E-4 1.2452617622431966E-5 -1.5788584334176445E-4 0.0011623656509766756 3.4572247501676867E-4 -2.2201333792814734E-4 -7.244824519664524E-5 -1.1742332144335475E-4 -8.821991929663237E-5 -6.597955112593382E-5 -9.259875219254192E-5 -1.8197165657093256E-5 -1.0940870902508872E-4 5.2660835667924996E-5 -2.0521789103068126E-4 9.862826044381894E-4 5.416625958238911E-4 -2.755734583206127E-4 -5.4351490805638544E-5 -1.4089840115240424E-4 -1.3683486691695116E-4 1.184349530599458E-4 0.0011102467767803298 -2.3881863058739135E-4 -1.1173364518416058E-4 -2.561405133685232E-4 -7.646542559809968E-5 -2.868647095877752E-4 2.078442297871637E-4 0.0021791337350154615 -2.16949761920264E-4 -3.046434257186568E-4 -3.6015138607106874E-4 8.354111854500662E-4 -7.600281334575743E-5 -4.4475641823165865E-4 -2.992769633623875E-4 -3.474480769240819E-4 -2.784005475453856E-4 -2.8761735566664587E-4 -2.429234353264094E-4 -2.3514715314608067E-4 -2.05537483969169E-4 -1.870229102164632E-4 -1.701521707132246E-4 -1.42816176646271E-4 -1.388796743955617E-4 -1.0210378762776431E-4 -1.1342990771595965E-4 -6.357959130065712E-5 -9.643514703879495E-5 -2.3160243490269114E-5 -9.58663571719847E-5 3.794355689207621E-5 -1.6690570946380733E-4 4.1465175055351196E-4 0.003153480993503964 -2.908968748120636E-4 -1.498603461413013E-4 -5.243270631697626E-4 6.552112410477956E-4 0.0012525960040693247 -8.458143852943887E-4 2.9040830753862545E-5 -9.020454513572682E-4 0.0014136614106829773 0.0018039889148907633 -9.190454373404662E-4 -3.3863848042839026E-4 -6.49247935058949E-4 -3.755684965455579E-4 -5.286586385143885E-4 -3.443536608648823E-4 -4.448831764524777E-4 -2.5713487112023065E-4 8.445899009436458E-4 -2.143446260070951E-4 -4.465778693630053E-4 -2.601627359673647E-4 -3.961133088500185E-4 2.8933425208746075E-4 -8.664873863251446E-5 -3.2046050269912696E-4 0.0017874803036214033 -1.1614560317020281E-4 -4.619235190873837E-4 -2.94798951249179E-4 -3.609600714209564E-4 -2.570308506613071E-4 -3.0015833656738683E-4 -2.0712612889219745E-4 -2.5028588823174103E-4 -1.5592380338215125E-4 -2.0935261124396115E-4 -1.0508900116710726E-4 -1.7899927182796552E-4 -5.2742017502566824E-5 -1.639004757520296E-4 8.746748138201144E-6 -1.789842322804415E-4 1.1302113668879357E-4 -3.2097946330212485E-4 7.978683695503835E-4 0.00280488801468309 -1.490406396792588E-4 -2.7062426980977057E-4 -4.8381975101551705E-5 0.0016990855892091428 -3.316061834419126E-4 -2.5269883761385586E-4 -6.892845385204766E-4 0.0014498614309267702 9.628071874748928E-5 -7.136072832754116E-4 -3.454604145424339E-4 -5.463140248056671E-4 -3.2686935346140644E-4 -4.6481160741485006E-4 -2.790431800636997E-4 -3.125929354074186E-4 2.7689329322693607E-4 -1.4518345613757921E-5 -2.4856674900388537E-4 -4.0251973699078833E-4 -6.99540490209441E-5 -5.561260738347965E-4 0.001354888425141091 5.105489482843985E-4 -5.747026011789363E-4 -1.5451572794371315E-4 -3.4662792915600427E-4 -2.1836346908189058E-4 -1.0582183264201336E-4 6.577303691757824E-5 -3.0161660111818756E-4 -1.2147123238990046E-4 -2.0744208015352136E-4 -1.1828756644214136E-4 -1.3719467436082433E-4 -1.3162628277315486E-4 8.473713539924876E-5 1.2093585122704975E-4 -1.780039897862351E-4 -2.3453949122767895E-5 -1.1666426669829262E-4 -1.8882039862919836E-5 -8.704664199109605E-5 5.763973608682166E-6 4.4362688248377087E-4 -6.330416989150378E-6 -1.0111872616074078E-4 -1.7924198746567706E-5 -8.242670683770471E-5 5.788267663635925E-4 -7.15159288123754E-5 5.069483425007744E-4 -7.065269442488396E-5 -1.1192063915421626E-4 -1.5450778006672033E-4 4.4132425201496087E-5 3.547399163218671E-4 -2.1155136155513038E-4 -7.495126549131141E-5 -1.5034914386747623E-4 -7.876819112253956E-5 -1.2075836380547218E-4 -7.021490347385723E-5 -9.802773477122877E-5 -5.867960245731045E-5 -7.883600371161401E-5 -4.662144268086782E-5 -6.248199536300694E-5 -3.4875694797176574E-5 -4.900880258839821E-5 -2.3387502382083564E-5 -3.916934813360563E-5 -1.0761123529807667E-5 -3.596438301411726E-5 1.0163317987140624E-5 -6.134267489869881E-5 2.2520129660039438E-4 1.7048307448961362E-4 -1.1516342503372886E-4 3.8421350651489904E-5 -9.13306241810052E-5 5.1936632358799695E-5 -1.2495264971024156E-4 2.834121197270137E-4 5.4748370363649334E-5 5.736288678358722E-4 1.0130736215699463E-4 -1.7689947141891248E-4 -3.898457994334307E-5 -1.2639139279787236E-4 -5.032592338135699E-5 -1.0428767643870518E-4 -4.767483613789172E-5 -8.888989755310214E-5 -4.000987954309431E-5 -7.708650787356924E-5 -2.9590217225448044E-5 -6.865682011042602E-5 -1.6534773565982444E-5 -6.532736395797618E-5 2.7661005838819017E-6 -7.868173956562113E-5 9.129280210705328E-5 2.2711769159059012E-4 -6.644305923024117E-5 -3.678616689779422E-5 -3.1443529580912465E-5 -4.664399050923352E-5 -1.1655780800063232E-5 -5.2622258433652515E-5 7.329387421487615E-6 -6.130069970620728E-5 3.0128886692165364E-5 -7.798905288552895E-5 6.438139632902306E-5 -1.1686052400955221E-4 1.4178206988983374E-4 -2.741209733195015E-4 0.0010265586940963315 7.458098953675399E-4 -4.843747807519853E-4 5.671571126886878E-4 1.7673915071929423E-4 -3.47028108481761E-4 1.8570600065848878E-4 4.917702399713656E-4 -1.8445782818309574E-4 -1.4666507652055447E-4 -2.441236638738159E-4 -1.8111461357495605E-4 -1.7943425569746062E-4 -1.5519082989621374E-4 -4.193792855400683E-6 -4.5985023783920616E-4 0.0018790185038909113 7.872787205072656E-4 -1.7299491478671956E-4 0.002460587499187098 -4.101490835557234E-4 1.6278849026163736E-4 0.002027763720271074 -5.01690514693065E-4 -2.924223422517691E-4 4.5735317985424323E-4 -8.76156092615446E-4 -9.62926471050618E-5 -4.3674248844405295E-4 -7.315606245926268E-4 -6.437958520455686E-4 -5.487719310995065E-4 -8.017339395366974E-4 8.430606757833942E-4 -1.5325682675697283E-5 -5.102092414415935E-4 2.3458807962403044E-4 4.906378551449778E-4 6.785979752647331E-4 -5.835849151501343E-4 1.8291717592046342E-4 -6.373584087105769E-4 -5.6525534258555776E-5 0.0017248054130459614 -3.273266251287016E-4 -2.0750417084164363E-4 1.013657985974234E-4 -7.967402678592736E-4 6.912188688200371E-4 3.43864196698615E-4 -4.638011547035345E-4 -2.47184269694202E-4 -6.634514755989793E-4 4.3064855997199114E-5 6.933361433070287E-4 -7.382493556861366E-4 -4.583381335456979E-4 -6.997687515789691E-4 1.8363685745843156E-4 6.785400029793998E-4 -2.7026884094771136E-4 -3.484613101885428E-4 -4.6391894762785185E-4 -1.867979660186772E-4 7.963697876438997E-5 -4.075311158443784E-4 -4.107464125698637E-4 -5.7102250260843146E-5 -2.505394340597336E-4 -5.153203808491713E-5 -2.723459214882887E-4 -2.2717995315288397E-4 -2.481243036924416E-4 -1.1667749358767326E-4 5.475519502841364E-6 1.377565567729118E-4 -4.6166451951730816E-4 9.932128703159203E-4 5.454780552613114E-4 -2.4853827867808015E-4 8.106996429676737E-4 -1.951649878726494E-4 6.342627264646801E-4 0.0011082460098095666 -4.239281015498732E-4 3.2210669705789313E-4 -2.805718519445326E-4 -2.782819358035926E-4 2.2744685604290937E-4 -5.789688046925999E-4 -1.7089146741908548E-4 -5.764471444917735E-4 3.622387964475303E-4 1.7293337699168798E-5 -9.175398653531175E-5 4.408772395386937E-4 -3.772698312414641E-5 5.845889115790835E-4 -1.4257893016132034E-4 6.592576650152442E-4 -2.308238747067426E-4 0.0010583356952259051 -7.516043628488789E-5 -5.206691760297477E-4 6.60590346308769E-4 -6.598928956730032E-4 4.790238912764505E-4 1.0299162733720668E-5 -4.535602379054926E-4 2.4904509875022657E-4 -2.9571569237050316E-4 1.4268825217297193E-4 -4.073741624591662E-4 -3.242244176961395E-4 -3.062066506535205E-4 -2.81447687933839E-5 1.829308949221134E-4 -6.987971496811088E-4 -2.055514846376616E-4 -6.168334570417697E-4 5.35505530671436E-4 1.5923892109521998E-4 -4.1047353384657953E-4 2.3877475420619465E-4 -2.7709563464665965E-4 5.977100954676628E-4 -3.4358714049312344E-4 -6.318105073017943E-6 -3.8921116548929977E-4 -9.054979595902318E-6 1.0354798753005323E-4 -2.812827008223315E-4 -4.477758894040271E-5 -3.0047918335628435E-4 1.7900013940711987E-4 3.2389743764078827E-4 -2.3258053087834782E-4 -8.294363849871769E-5 1.399791769296499E-5 5.556847991739777E-4 -1.63062915362968E-4 1.1366295176435878E-4 -1.058363370955058E-4 -1.0842547780964135E-4 7.45668431076131E-5 -2.923444266569736E-4 -2.2624344829180049E-4 -6.955009499213724E-5 3.244324321016699E-4 -4.0421213860694985E-4 2.22753978220476E-4 -3.045079169718169E-4 7.937982789659077E-4 2.4552594614926995E-4 -2.977751665809644E-4 1.7594812142917443E-4 -1.9829031280800893E-4 2.7162575020451066E-4 -3.847725610419059E-4 -3.118156133858491E-5 -2.4193334890632717E-4 1.3222715575363087E-4 -1.771584363670052E-4 -1.6965217164819843E-4 -1.9515001591778602E-4 7.236450852540072E-6 3.5272695152778477E-6 -1.9088128714928737E-4 -1.0449383237322828E-4 -2.5026266753852555E-5 -2.0413017874752921E-4 2.173232049427782E-4 1.1532511201854147E-4 1.3448939520511148E-4 2.2702463974642352E-4 -1.665893657240916E-5 3.570072606039563E-4 -2.3049021488595264E-4 1.9165754508381275E-4 -2.1637976338352571E-4 4.585587276543894E-5 -6.78856097758411E-5 -1.1691192556905969E-4 -2.0185644914856755E-4 1.3675507779167644E-4 -7.731277060147451E-5 5.428040802207632E-4 -1.5630539114637292E-4 2.90053555421008E-4 -8.732333688441646E-5 5.555711798988644E-6 1.3930742173260888E-4 -1.345996846591896E-4 -1.468383782132713E-4 -1.9914193933852353E-4 -1.4056699488686035E-4 -1.3569323887364405E-4 2.6780932288216625E-4 3.564872823800212E-5 3.397516291039609E-4 -1.1828086339621922E-4 2.8033257136094933E-4 -5.669116714128973E-5 -1.4334014518710414E-5 -1.1612508034250513E-4 -5.4066032670833236E-5 -7.075482407521184E-5 -1.8070963541529095E-4 -9.806331029529533E-5 -9.745602303544258E-5 3.55404527567384E-4 -4.301533462603563E-5 -4.529287237039874E-5 5.7741384010358277E-5 1.2653797392381087E-4 3.4082476576107953E-5 -9.964198950697042E-5 -8.405199388872818E-5 -4.929703932357588E-7 -1.3292349619771146E-4 -1.2125251991175305E-4 -1.4318625963951823E-5 8.520432408157426E-5 -3.8387135972081654E-5 -1.68519182349924E-4 1.0950754013363054E-5 1.4187532258517349E-5 -1.2701610342706095E-4 -6.228107056848245E-5 -8.754780564051295E-5 -1.025602206338478E-4 -9.268895189251669E-5 -9.169825053051764E-6 -8.788840595427665E-5 1.3772041782262115E-5 4.469279959355699E-5 -1.3048365338679327E-5 -4.5025507737956466E-5 -1.012265594217427E-5 -6.486957086357641E-5 7.083791892514672E-5 -6.929203493076692E-5 1.3394996447086208E-4 4.7937483231546424E-5 4.644897285231535E-5 3.9018264713795194E-5 1.1106369602009811E-4 8.167354611213554E-5 -4.7488473849028635E-5 1.3096064289367867E-5 -7.295945973466444E-5 3.382505562742055E-5 -5.684817231883452E-5 -5.7702735288645696E-5 1.2148107221955032E-4 1.1673619090432196E-4 -5.3954716483373653E-5 7.127730709138337E-5 1.0663914563310839E-4 1.1063384510867375E-4 -1.0880329316897367E-4 3.1553805240302525E-5 -8.064045840480011E-5 -1.5833608326848783E-5 -1.173510760852205E-4 -4.451955711158931E-5 1.1014746833087029E-4 -4.320158709143242E-5 -1.1846513750759721E-4 -1.1212915630327662E-5 -1.7799734134972198E-5 -4.119426483716916E-5 -6.214934879170131E-5 -6.424390807668531E-5 -6.682161515976504E-5 -2.8173193918255846E-5 -2.7558947008987297E-5 -5.332038253557693E-6 -1.4941474372027856E-5 -3.3816099950893796E-6 -1.7252978678245802E-5 1.6526126014536693E-5 -1.806258352896918E-5 2.7340333643281235E-5 -2.8153101762731433E-5 -2.5362087858993645E-5 -2.7340747570588596E-5 2.952101773906826E-5 2.711291953802616E-5 -2.627845599870518E-5 -3.636759297618447E-5 3.454616916086532E-5 2.1806962765167585E-5 -3.0044862267450487E-5 -1.426140755810424E-5 4.191893645762602E-6 6.904460875258381E-6 -6.06364415282239E-6 -1.3576702718389507E-5 2.2011067142107795E-5 1.5894320972568207E-4 5.711076014156967E-5 2.0383395973481338E-5 9.505994631046726E-5 7.929994952669524E-5 4.6884212478007486E-5 1.9041160429269155E-4 3.150192170871084E-5 7.264992485101537E-5 -9.003215376389732E-5 1.0726339055063677E-4 -4.608132569388929E-5 -3.417115279383178E-5 -1.1246804071454123E-4 4.873064985352633E-5 -1.3813811483274E-4 6.984962094746649E-5 2.287437050768268E-5 -9.4145409058468E-5 -6.913009341592228E-5 -5.615523351553721E-5 -6.035929819540528E-5 -1.1118022520957387E-5 -1.2862377680987556E-4 9.00301854407726E-5 1.2649142095676018E-4 2.2100585305863396E-5 9.700250400567802E-5 9.554418603268527E-6 3.9465641501830635E-5 -1.2229717739029554E-4 -2.1421173005300824E-5 -7.591020293667983E-5 2.0254125681653384E-5 -1.2017222744354489E-4 1.7628656107535837E-4 -1.1643131353204685E-4 4.2969115324225336E-5 3.6446300542150936E-5 3.143221735032488E-5 9.045684365284728E-5 9.940402242813139E-5 4.720564610211867E-5 1.5218411060402733E-5 -1.3753839394085518E-5 2.35300735643958E-5 -9.795207798250077E-5 -9.642922687495663E-6 5.2903901331930944E-5 -1.1007828339630165E-4 1.9235704260591076E-5 1.7533350472915578E-5 -8.739142348923503E-5 -3.0829363037348026E-5 -6.0388747119665374E-5 -6.729363213513109E-5 -6.376530763649128E-5 -4.6362876975601826E-5 -3.003436324891008E-5 -5.4050318122938514E-5 -1.5596268185874215E-5 -2.6261046570810222E-5 -5.205789494230374E-5 2.2091682808442724E-5 -2.462432438823329E-5 4.2700049552921344E-5 2.8605831297366137E-5 -4.407599939225144E-5 -1.8363046177866625E-5 -1.3218971825008658E-5 -1.5896034330789132E-5 -2.6877250640470855E-5 -9.669331876505354E-6 -6.939003237802031E-6 -2.067356868522708E-5 7.276671401412749E-5 3.354696213918795E-5 2.003507414487715E-5 5.9760643353614154E-5 6.050451081149235E-5 2.077766685499487E-5 -3.38015177119488E-6 -5.556732916867264E-6 1.1509570038239093E-5 -3.898554703549205E-5 3.2045509053710286E-5 -2.4127497019103047E-5 -3.120899092919939E-5 2.249271991811193E-6 -8.306213181148974E-6 -3.398318408433633E-5 -6.756938008689942E-6 1.1567070885114272E-6 -3.2000536720502154E-5 -2.5108557226987023E-6 3.347956696965037E-6 -1.820707701177121E-5 1.0886454380188738E-5 -1.3871127019999489E-5 -1.1958700639766538E-5 3.393974352011806E-6 -1.7177163495854172E-5 -1.5185823592768878E-5 3.096612780896296E-6 -1.7324609283028529E-6 -1.3300988569771776E-5 -7.355321398612273E-7 -7.602643348573199E-6 -1.1756751088092248E-5 5.953341494790727E-7 -1.3319920270192217E-5 -2.9964981909293836E-6 -1.0075008797485758E-5 2.2139431798791614E-5 1.937312368633997E-5 -1.6801878462182978E-5 1.1604580159907873E-5 2.0256459548632835E-6 -7.331753671163525E-6 9.224763601334025E-7 -7.2740502672370266E-6 -3.9071363334823063E-7 2.358735635333729E-7 -5.873304011569814E-6 -4.502827066257906E-6 7.389943893817822E-6 -2.3248690145302037E-6 3.136279482270489E-6 5.7418301043913374E-6 -4.974089190429385E-6 5.259395215352928E-6 1.4840983175282195E-6 -6.253313426578808E-6 4.117808607679988E-6 -2.555279651465564E-6 1.7654209249003843E-6 -1.2537277220073034E-5 6.007107871762614E-5 5.0530434792485834E-5 1.2899895764857986E-5 7.038025078105834E-5 2.364045724903216E-5 -3.728500328111775E-7 -2.036458453959526E-5 5.4373841231880734E-5 6.330391765432082E-5 5.439530100230104E-5 3.6132091245166505E-5 -4.290959158386072E-6 1.3398588556945337E-5 -5.950534673603751E-5 -1.9220866645290602E-5 -7.443756209314298E-5 6.975601639154418E-5 7.533864762940658E-5 -2.5116914134198833E-5 4.3565938214239555E-5 -9.784068413597798E-6 -2.4823423776375742E-5 -3.214396936272951E-5 -9.03841328699648E-6 -6.323802585059051E-5 3.809853430482247E-5 -1.2086004009471268E-5 -5.6923584886102614E-5 -1.1179849285069404E-6 -5.139522428937839E-5 -1.1044445924726816E-5 -3.183002255594935E-5 -3.667147207017402E-5 -2.3480128984147784E-5 3.424949612252856E-5 -2.105221840147716E-5 2.363135301957156E-5 1.753194947770381E-5 -8.781555947470591E-6 4.932166719541411E-6 -1.2787838856288467E-5 -2.400397270292719E-5 -6.225036439893531E-6 3.2857841911014714E-5 -3.5905756538588424E-5 -6.98405792006352E-6 -1.2112809001632932E-5 -2.063235372674454E-5 -2.244179778428416E-5 1.4727464729994907E-5 2.0230202506869768E-5 1.2979295169292422E-5 5.1003991537001796E-5 -1.0205443878805566E-5 5.6760172274876106E-5 9.711306126421355E-5 1.6856744503708455E-5 1.5352076450733925E-5 4.5650527059936004E-5 -3.3636513867428726E-5 -4.062736548463442E-5 -1.4249616146020955E-5 -4.812198178589253E-5 4.8209040665631465E-5 -1.997428536037061E-5 -4.348766997239271E-5 -1.5289716542082974E-5 -1.944492874537268E-5 -2.835018838483411E-5 -6.669926367768031E-6 -3.95118324099308E-5 1.4122783786121168E-5 -1.614517417334498E-5 -1.8397733527478633E-5 -2.3013987824687613E-5 2.201433576069431E-6 -3.3900448365598024E-5 9.705884112602052E-5 3.3269507556898037E-4 6.572535595368535E-5 1.1479298805209094E-4 7.116148803472692E-5 -5.8302776521680384E-5 1.4347303961499995E-4 1.5335177124354248E-5 -2.6049975047003418E-5 2.9092029203066014E-4 -1.032419372863358E-4 9.239631058894065E-5 1.5810211804947495E-5 -8.65789775299896E-5 3.387346682746312E-4 -5.0759355967608735E-6 -1.1781909099709345E-5 1.3143872243101713E-4 -1.5503440655132913E-4 1.336158192179332E-4 -1.4053142013996031E-5 -1.878373629372286E-4 1.7396948837719584E-4 -1.5141667979410786E-4 -1.2055192584246692E-4 -1.0262164702365406E-4 -1.8201148032199674E-4 2.199702559789636E-5 -9.732068099957067E-5 -1.4649714539442457E-4 -7.60924713748383E-5 -9.35736259066889E-5 -5.2301864025673314E-5 -4.67800971646129E-5 1.2452300900307745E-7 -4.581505987051766E-5 -5.779616003223978E-5 -6.19670806046857E-5 -3.89027278220426E-5 -1.6462169496526263E-5 -2.8120419686672102E-5 7.281129297469647E-5 -8.613468656144471E-6 1.501805671375641E-5 9.042166197713569E-5 -5.6865595579299114E-5 8.800496500657121E-5 4.217923980449553E-5 9.829401226137645E-6 1.0991354476900042E-4 -8.755669061031191E-5 -2.8149483639997724E-5 -1.5663557330363245E-5 -2.834368735691456E-5 -9.190079855299522E-6 7.688006646992731E-5 2.917920221320522E-5 2.0556407276123984E-6 9.926884064413201E-6 -5.228608595374707E-5
-9.921460433373673E-20 3.273225737711713E-19 -4.2778810312243236E-7 1.7983520138889205E-6 -4.196722389262139E-6 7.706992257475377E-6 -1.2420442489688313E-5 1.8428206505080373E-5 -2.583147166973445E-5 3.47337887782089E-5 -4.525293051986414E-5 5.751401820008676E-5 -7.166309288991989E-5 8.786248155582157E-5 -1.0630689719949614E-4 1.2722320614365657E-4 -1.508913258949523E-4 1.7765243759092713E-4 -2.0794016999602647E-4 2.4230613853854096E-4 -2.814750389809644E-4 3.264098174041147E-4 -3.784277906076565E-4 4.3936990322434634E-4 -5.118945494308179E-4 5.999730360286399E-4 -7.098106352155958E-4 8.514470836870954E-4 0.06582901434479321 -0.004112876269209538 -0.00710502206707634 -0.0026098073176627767 -0.009846149243845331 0.026818794351315872 -1.652563404458962E-4 -0.010160936723686897 -0.0046370658265557085 -0.007775046117941109 -0.00478370252529059 -0.006463543823996831 -0.004374020011446655 -0.005394026949625985 -0.003797076302861968 -0.0044442268727227785 -0.0031758161968852283 -0.003591417532349206 -0.0025667074642599097 -0.002834223599239849 -0.0019987269976170507 -0.0021759760423825103 -0.0014835534174381104 -0.0016233751946047037 -0.001018003382716709 -0.0011894828117789413 -5.761772885952976E-4 -9.221793081472529E-4 -3.6107938481882984E-5 -0.0011485022594204808 0.0020851403992161455 0.018924407416418265 -0.006150467457660097 0.006728787920580431 0.003934420132185645 -0.0038429465377606276 -9.030870118446888E-4 -0.0025429451685529125 -0.0010561669955480857 -0.0021007336941591404 -8.773240810487914E-4 -0.0018317215478824145 -6.018771081896385E-4 -0.0016567748226293533 -2.7212307692156545E-4 -0.0015769742374714402 1.2431167769207108E-4 -0.0016397626239484098 6.705298788220598E-4 -0.002017578196643041 0.0017493075208090125 -0.003846138523148815 0.01209536855988165 0.003065804586807469 0.003355143331614477 0.002406884868993528 -0.003905074632579872 -1.5099623749123547E-4 -0.0026905995509945713 -5.42503821692214E-4 -0.0021006019865284498 -6.211574016933563E-4 -0.0016812063787725734 -5.920694466703819E-4 -0.0013425924444019077 -5.200234525563757E-4 -0.0010567549898812534 -4.320024469186279E-4 -8.139535720085578E-4 -3.4114642722508914E-4 -6.089349029911317E-4 -2.550209431515654E-4 -4.379086766245627E-4 -1.7745930886267636E-4 -2.984067735037274E-4 -1.0918539710005892E-4 -1.883776645048435E-4 -4.996798172920286E-5 -1.0520748187733964E-4 1.0783936330270583E-6 -4.638469219734806E-5 4.549494187534864E-5 -9.618144815353585E-6 8.534465959061238E-5 6.889762598456112E-6 1.2299467105008483E-4 5.3298308383947085E-6 1.6048470721934452E-4 -1.4664171560062333E-5 2.0553674378491048E-4 -6.313753526599798E-5 2.8294445851547334E-4 -1.8847631126211138E-4 5.228231629828221E-4 -8.611152298066906E-4 0.007318891950055388 0.005064016609035672 0.0014834814811250378 -0.0016461373942453228 -6.934951422574893E-4 -0.0011959954836910647 -9.80684099325592E-4 0.007356045188407538 0.004857460944897363 -9.004039603628111E-4 -7.289471228886374E-4 0.0027974119357731253 -8.581118892202338E-4 -0.001876935345694608 -0.002559263720526034 -0.0016795170982286667 -0.002237078251693503 -0.0014268572405061741 -0.0019975984452361706 -0.001026892675678348 -0.0021194353228030094 0.0016854250613347332 0.002550710835939246 -6.299659345885417E-4 -0.001526987393278334 -0.001303235830593663 -0.0011809974294623576 -0.0010937110148773604 -9.485835105935841E-4 -8.788716884544495E-4 -7.428713895234612E-4 -6.841424720851613E-4 -5.609477386662454E-4 -5.139288193588692E-4 -4.0312936749897776E-4 -3.692321692214673E-4 -2.698299750598654E-4 -2.4887625762991944E-4 -1.601576357402601E-4 -1.5145137670211778E-4 -7.232167361439362E-5 -7.489494252983786E-5 -3.7889232450891153E-6 -1.7812836407726795E-5 4.917571641696247E-5 2.1179099005765034E-5 8.994366616187077E-5 4.3669733194605376E-5 1.2232600214882525E-4 5.000231637403846E-5 1.521457033445842E-4 3.563531908510817E-5 1.9550519594856283E-4 -3.090891615351618E-5 0.0046596480744758514 0.0021407275354216873 -6.675148066801731E-4 -3.471043063778857E-4 0.001698009472775465 7.245990083517024E-4 -9.118568118527334E-4 -4.209349098235164E-4 -7.91721746940522E-4 -3.486585420069896E-4 -7.883391648725244E-4 0.00608522081194602 0.002077007372627053 -0.0015847787309976602 -9.066557722997651E-4 -0.0011944228333549897 -8.816887716734528E-4 -0.001048502885910789 0.0028536185707634387 6.834188588101531E-4 -0.001560619113888509 -7.684216699657825E-4 -0.0013333845159625296 -5.200963014447141E-4 -0.0014978896025674426 0.0011217334917363042 0.002466350381284843 4.963340657079957E-4 7.581875582701042E-4 -0.001465234756856379 -8.055159581994153E-4 -0.0011711649345241965 -7.271021328593558E-4 -9.641626575922629E-4 -6.058099119716637E-4 -7.965930967148427E-4 -4.690943173413509E-4 -6.674931904196574E-4 -3.075055129865556E-4 -6.409860336773349E-4 7.454505249892898E-4 3.479447822208742E-4 -4.8490684204965245E-4 -2.9781847616048435E-4 -3.077608899177617E-4 -2.577809533828093E-4 -2.005115073378111E-4 -2.0949156760945165E-4 -1.1952733039468505E-4 -9.426405101317648E-5 0.0041450092001552655 7.08410673042191E-4 -7.419010229742194E-4 -3.069485746724186E-4 -5.013046715667407E-4 -3.2722422963346945E-4 -3.934687600216612E-4 -3.033884979171224E-4 -3.043987612415498E-4 -2.672857206676392E-4 9.421187079929096E-4 3.527228790184411E-5 -4.029610811237365E-4 -2.3308424695051358E-4 -2.8613912539182315E-4 -2.1629353119165945E-4 -2.1444376111421845E-4 -1.8862728532890657E-4 -1.5337959674563417E-4 -1.6295600652939043E-4 -9.784583856242354E-5 -1.4370705204979836E-4 -4.447595835781887E-5 -1.355154339063823E-4 1.3456095039613564E-5 -1.500974371764479E-4 1.0117452237691331E-4 -2.5677034350432906E-4 5.85684692051858E-4 0.0021798367605977316 -1.5453058538849457E-4 -3.1742212253620984E-4 3.045963346713157E-4 8.013951638500341E-4 -4.877915816597425E-4 -1.3932623924918335E-4 -3.7025098000697913E-4 -1.5210482760724328E-4 -3.111337473428698E-4 -1.3425919739738779E-4 -2.683574801224109E-4 -1.0462700566078037E-4 -2.3620586264086127E-4 -6.736281085560625E-5 -2.1606664527784591E-4 -1.995339523393376E-5 -2.1750374828409177E-4 5.854073520117353E-5 -3.077564024123458E-4 8.74473302163014E-4 4.2600383678009085E-4 -2.4579396369119044E-4 -1.2858047413199375E-4 -7.283474121854219E-5 -2.7142461925647003E-4 5.433011440767379E-4 9.167371287818731E-4 -4.4145484579118793E-4 -3.267948174118414E-5 -3.0408876967142305E-4 -5.942802883781781E-5 -2.517916678360446E-4 -4.918504733010358E-5 -2.2022939229231035E-4 -2.6107499625437416E-5 -2.001243072074603E-4 4.037139242251547E-6 -1.8986671162811095E-4 3.9972534299910836E-5 -1.9022889792051113E-4 8.283385599392595E-5 -2.0408094667150566E-4 1.3679913866603347E-4 -2.3813816465088813E-4 2.123258081031549E-4 -3.092779846780658E-4 3.39218446292186E-4 -4.7498059175034996E-4 6.477570507613423E-4 -0.0011300566403563517 0.005611316096396861 0.002597212332322777 -0.0013855665403581631 -3.488407495644188E-4 4.251563673364038E-4 0.00286661534478775 -0.0019262071010566796 2.192288975521317E-4 -0.001944540571893312 0.0032829165733834487 0.0012132400440861557 -0.0014891354544541574 -7.700287866901842E-4 -9.961429495889199E-4 -8.240702125679178E-4 -7.782457742926616E-4 -7.736595370884877E-4 -6.004485429169648E-4 -7.097306628761554E-4 -4.258442738891144E-4 -6.668498417796362E-4 -2.270206681414047E-4 -6.866609361155865E-4 5.476064142283313E-4 -4.892548362578839E-4 0.0018138172649100615 0.0024700103606030907 -0.0013451710773072154 -1.1430720970240921E-4 -8.376084885389698E-4 -2.2770870343983424E-4 -6.361228935068478E-4 -2.24816390716788E-4 -4.997203837653688E-4 -1.9110308989760127E-4 -3.9391443322438907E-4 -1.472876579874452E-4 -3.0922026108955863E-4 -1.0057669354799834E-4 -2.4292580446541243E-4 -5.282498966690738E-5 -1.954058151039835E-4 -1.029571445924915E-6 -1.7553563970311437E-4 9.663760964368981E-5 1.5768293751125886E-4 6.177685118779162E-5 -2.4034683923934708E-4 5.828554130281414E-4 7.266967905679225E-4 -2.834016307374995E-4 -1.4683310102696703E-5 1.2940364163082675E-4 3.807188362047777E-5 -1.725757589457911E-4 -3.346952699416483E-5 -1.2095192292660081E-4 -4.087681306216839E-5 -8.424277657595024E-5 -5.150484743546551E-5 -5.6891752311001575E-6 0.0010073390277871392 -1.1749648188540997E-4 -1.0466467668923587E-4 -1.2987957514015366E-4 -9.014020742244538E-5 -1.1156775043630156E-4 -7.807220689665453E-5 -9.25627217912119E-5 -6.793440271920994E-5 -6.90139288895197E-5 -7.747720387475763E-5 1.1786961748357517E-4 1.718031033380047E-4 -2.3703518078952573E-4 4.655846302244011E-4 1.5206746286598998E-4 -1.6757208138888993E-4 -6.260117883755741E-5 -1.020999751849723E-4 -7.50417838099272E-5 -7.178527125426427E-5 -7.525728629972916E-5 -4.696152869661761E-5 -7.471050022202219E-5 -2.2170028657037856E-5 -7.827050849062642E-5 7.418106897511163E-6 -9.396843411639717E-5 5.709959227482089E-5 -1.620391604583802E-4 3.168238247295745E-4 9.807971447238057E-4 -1.4013662200850928E-4 2.662678166433126E-4 -2.3844691504919333E-4 -5.020976959666575E-5 -1.715658912341423E-4 -6.600027167886525E-5 -1.3796861121646246E-4 -6.518887364267371E-5 -1.1278174925309116E-4 -5.8639758837041034E-5 -9.182495993616258E-5 -4.975015437297479E-5 -7.395734650580358E-5 -4.002017228119711E-5 -5.8857281427038624E-5 -3.0148203505579382E-5 -4.64577832453867E-5 -2.051280144773661E-5 -3.6668120236555204E-5 -1.128478961845425E-5 -2.9406489172324225E-5 -2.479410668517097E-6 -2.475149320143276E-5 6.794408860690167E-6 -2.7127084900036708E-5 2.764140384900397E-4 1.3628219381828666E-4 0.0012943373876618531 -2.0214335216816193E-4 -6.35881311219868E-5 5.292846721464649E-4 3.405191124610397E-5 -4.3686235908059565E-4 5.089733991592675E-4 6.784269054292379E-4 -4.4209977911860605E-4 -1.515627639479076E-4 -2.902121422644968E-4 -1.876281188313081E-4 -2.1991318882483117E-4 -1.9268971302743507E-4 -1.5741999423545504E-4 -2.0204485375754921E-4 -7.28649687893445E-5 -2.836740483350593E-4 4.930562326827068E-4 3.812397828690684E-4 -3.6728485948917325E-4 -1.708281722091233E-5 -2.784039257149734E-4 1.7620628382042196E-4 7.02380403187746E-5 -1.964627031874784E-4 -8.683869376662455E-5 -1.5286911875325715E-4 -5.9094600044858406E-5 -1.5219331442980696E-4 5.7675421616196904E-5 -3.3971181245609494E-5 -5.425256706875943E-5 -1.104647847266476E-4 4.598867479254851E-6 -1.243407700413906E-4 3.728856535567234E-4 -3.975355912310538E-4 8.917598470570389E-4 0.001958158353874968 -0.0010365457643741732 9.298730587459919E-4 4.244866990490686E-4 -3.7856524517530105E-4 0.0015369207691269988 6.931746414455698E-4 -1.5269636401423273E-4 2.5252990465870345E-4 -8.553118890047978E-4 -1.5085774591761664E-4 9.669651444833838E-5 -4.708177985675126E-4 -6.120920135181673E-4 -1.5119883843566634E-4 7.137416672878052E-4 -1.6447283422791475E-4 0.0012762192082736365 -3.7510830542727275E-4 -4.301332031503152E-4 2.9007753455244367E-4 4.14248661956218E-4 1.4403182145559384E-4 -2.079642585257127E-4 -4.235444902499358E-4 -5.430528751464297E-4 2.343909989644677E-4 4.502293400242968E-4 -8.55778145521062E-4 1.1341529057283528E-4 -3.2665272599231854E-4 2.51930167937002E-4 4.164857301647701E-4 1.49265304471298E-4 -8.881499236748566E-4 4.3567060913347194E-4 5.173320043211499E-4 -6.293645273538553E-4 5.440624678410555E-4 -7.67569941019508E-4 2.3010345064814614E-4 3.7692060658716525E-4 2.2260528443514283E-5 6.795078608495403E-4 -7.71816072995625E-4 -4.1749223621703746E-4 -4.8341865678480644E-5 -1.4069677543213088E-4 -5.911825814562816E-4 -3.6949289550384373E-4 -5.959647622332601E-4 4.5398399370093906E-4 -4.502624977041625E-5 -5.116919421846236E-4 -2.885753826588969E-4 -2.7111909626168634E-4 5.237456208160782E-4 -4.4739569684078273E-4 1.2833887067565525E-4 -3.880433189305983E-4 2.0626167493448255E-4 9.199056637970056E-4 -4.914488963396434E-4 1.8219800109851164E-4 4.518108054191311E-4 -2.4121696703291798E-4 0.0013895465515963955 -4.842779783944401E-5 -3.28571504350169E-4 2.8158899291094025E-4 -5.955636493144983E-4 1.8634114454576384E-4 -2.711382759407431E-4 -4.24092836647013E-4 3.031352961289334E-4 2.1620051058770726E-4 3.594949038805313E-4 1.747923508426119E-4 -4.414601404582677E-4 3.489251101609289E-4 4.138129838176033E-5 -6.865895731591673E-5 9.434113505516623E-6 -4.645378683301865E-4 -1.819651968796715E-4 -1.615034386603098E-4 -4.336916338092481E-4 -2.6646447358993214E-4 -2.023721612323913E-4 4.015829796118475E-4 -3.430407151732186E-4 0.0013521286487641893 -1.7153296541341442E-4 7.282115336183746E-4 8.010430521181514E-5 5.285479285548692E-4 0.001019954907688976 -2.2754972831380213E-4 7.697043406540774E-4 -8.849084393670603E-4 1.5997025149985106E-4 -3.1867555113017365E-4 -5.968213503436959E-4 -1.5725170163211066E-5 -5.565357055788422E-4 2.1493299271344718E-4 2.5793238014153175E-5 -1.2973977614311183E-4 -3.7921919077556904E-4 -2.117422836018512E-4 -3.641160588886E-5 -3.402765029930574E-4 -1.2056683310399108E-4 -4.969890085603501E-4 -2.1759924211407766E-4 -3.6709593193364615E-4 -1.644535542251399E-4 -2.5247890015058644E-4 -1.721491981111628E-4 2.748988732912405E-4 -1.5602486998316997E-4 -1.0886186604837367E-6 -2.229074639564059E-4 2.219056877088635E-5 1.2457366487843985E-5 -1.4363956680727916E-4 5.43714438454683E-5 9.229947728764051E-5 4.635605171759635E-5 -1.102753320833226E-4 -1.0969221735756055E-4 2.0715251993808428E-4 -1.3958052063701813E-4 4.9858186577621255E-6 -8.899756783172993E-5 8.330658169356658E-7 9.988193096297643E-5 -1.1380576954494667E-4 -3.709396658806152E-5 -5.333178459000949E-5 2.114378689984861E-6 -4.831664977149146E-5 -1.0635349481578384E-4 6.609731784739392E-4 1.228729229399029E-4 -9.004792745907417E-5 0.0010121989334110695 8.329924883200505E-4 7.788413821293565E-4 1.4697663786920195E-4 -8.224264028885812E-5 3.164258560865562E-4 -1.5645362707584348E-5 -3.3480496069758156E-4 -4.1416261614923497E-4 -2.9914280532192944E-4 2.8555372725055234E-5 -1.717328489387812E-5 -5.800883384156283E-4 2.096834868069615E-4 2.8609064065104883E-4 -2.2781558063491789E-4 -3.5299017735323374E-4 -2.8129357566945845E-4 -2.3524157224128275E-4 9.599322369964469E-5 -2.9299926586165426E-4 2.3106826511430645E-5 -1.9055592539682017E-4 2.749574436293062E-4 -2.8101644571655593E-6 -9.029368869965804E-5 -4.1792778556769966E-5 4.078120918290726E-5 -1.4029029968287005E-4 -1.9705051374939095E-4 -5.8458204528460955E-5 -1.2473979640366395E-4 4.434857091584546E-5 -1.75777757198195E-5 -6.36312427118417E-5 1.9766161074727395E-5 1.2458722987728627E-5 -2.0305749373343215E-4 -1.968019794910958E-5 -7.489941780029936E-5 -6.308628211960758E-5 -9.705625137153458E-5 -7.249675217072676E-5 -4.351675773136415E-5 1.8541581133294655E-5 -8.249265117737763E-5 -7.13275506272152E-5 -3.1368977104175716E-5 1.4664032658981592E-4 -2.9287545497823364E-5 -6.555643966827014E-6 2.868749129705892E-4 4.542141856767306E-5 -4.31916417558539E-5 -2.5338546933345585E-5 -2.743841034069227E-5 -9.347396904109233E-5 -2.9711318219880108E-5 -8.580034970399105E-5 -4.11661891241543E-6 -6.509266006621446E-5 4.620668559360101E-6 -9.155752360891483E-5 1.3316076357749226E-4 -1.2056671625855758E-4 4.5835112527847516E-4 1.0623267642919385E-4 1.7709478295823908E-4 8.666015694813126E-5 3.498477912217985E-4 2.061899044320881E-4 -9.657230009534577E-5 -1.3352978912965774E-6 8.507763153072466E-6 -5.238230116686414E-5 -1.762218418576312E-4 -1.2983303220387953E-4 1.9902856757575763E-4 -3.7725056258304177E-5 -2.278649484516223E-4 2.6164501935772855E-6 6.69675910744752E-5 -1.456689592006441E-4 -8.989255999976124E-5 -4.7797013848471445E-5 -9.548080383183291E-5 -8.377503780741466E-5 -1.0938906690977253E-4 -2.5945339078535523E-6 4.4716201187955384E-6 -8.852220556758092E-5 -5.649522867511893E-5 -9.998051403498423E-6 -2.3376532160739386E-5 -8.130741195403086E-6 5.431407328880533E-5 -3.091729370715418E-5 -5.320714650414778E-5 -6.9678325773604374E-6 3.787968542411091E-6 -1.4761102047624111E-5 -4.77053832302109E-5 -1.834719916473694E-6 -4.1709401496059506E-5 -5.947820945050725E-6 -4.898667073153281E-5 3.732570205748848E-5 -3.1867851810324626E-5 7.273398712604904E-5 1.6801597458536823E-4 6.477526144117642E-5 9.017086872255189E-5 1.2810229142077266E-4 5.373647509832784E-5 -3.0545866502165904E-5 1.4334547698151116E-5 -2.5462985026160866E-5 -3.05834180795465E-5 -7.387055202643603E-5 -7.02340484653027E-5 2.936614978940799E-4 2.603860476013513E-5 9.897209552568904E-6 1.8012201057600666E-5 6.886382611823866E-5 -1.1451177632547556E-5 -1.2108906705002136E-4 -6.0736946994798154E-5 -1.0548456834072201E-4 -3.2383349353982786E-5 -9.101123380586724E-5 1.5080796182009512E-4 -7.923963038767613E-6 -1.0002045192803333E-4 -1.0449140168623285E-5 -4.585819333405815E-5 -3.80562984467394E-5 -3.6929109783386156E-5 -3.2847065562217025E-5 -3.942952743232666E-5 -2.5554060448876488E-5 -8.995210032131801E-7 4.1312477086019074E-5 -3.414977390623578E-5 -1.966550715897311E-5 -1.7527030393892952E-5 -2.9123250299846644E-5 -1.9106566568437636E-5 2.9757481431795952E-5 -3.837153192478562E-5 -5.147399589338665E-6 -3.2883470453307865E-5 6.210835024724175E-5 -2.8142905790728978E-5 1.207884900033835E-5 -6.751857492646876E-5 1.0191121829602589E-4 2.6037315080451075E-4 2.5465725471875405E-5 9.948024225206594E-5 1.8294320519299983E-4 1.505664823649895E-4 -8.738610555472691E-5 5.7728167093489165E-5 -2.1656435976822458E-5 -5.775573065454516E-5 -1.0456306463581949E-4 1.1249542968293225E-4 1.7150512411183427E-6 -1.369969456841381E-4 4.131113872224857E-5 -2.8702910874396984E-5 -1.0597460440282466E-4 -6.369454876095377E-5 -7.134593236583688E-5 -5.0231256788684474E-5 -6.71039315416561E-5 -5.956027972850268E-6 -9.123349008474668E-6 -6.395907617791179E-5 -7.086695739694053E-6 -4.137470521700139E-6 -2.2465191045037587E-5 2.072754496934906E-5 9.11119342375706E-6 -5.825019623559736E-5 2.2139866463685015E-4 4.79501320778189E-5 4.671070872156596E-5 -1.1673110442204232E-5 6.75049963496056E-5 -6.643069032593891E-5 -3.413110922837262E-5 -6.253429223480964E-5 -6.118387704866744E-5 7.567665291415959E-5 1.9372436126915624E-4 6.213974113785867E-5 6.922216691558278E-5 8.511182247861009E-5 -4.612569449195282E-5 -8.216138131880192E-6 -6.499189089273147E-5 -2.8866577539277474E-5 -1.1828170565769073E-4 5.3663919349227623E-5 9.353876214723313E-6 -9.177030548446641E-5 -3.653313095818098E-5 -6.045316978954031E-6 -8.892453316699904E-5 -1.5536901383692535E-5 -3.9993886761898606E-5 -4.636150418164779E-5 -2.9211139626921477E-5 -2.8761993543721665E-6 -2.4580824560731067E-5 -5.0494892852884395E-5 8.821077178375672E-6 -3.144272335611764E-5 -7.502947004478684E-6 -9.792673410510301E-6 -3.6902065686625525E-5 -8.230390471560597E-6 -1.4617493933619455E-6 1.114478680875209E-5 2.7299678268131056E-5 -2.0234094613187127E-5 -9.03365100440737E-6 -2.038669865340537E-5 -1.1396655314228551E-5 -1.6492646450776485E-5 1.5039230057680916E-6 -1.310477163165842E-5 3.894832294966963E-5 2.6236030673770392E-5 -2.2708284802789615E-5 9.687181169681664E-6 1.674868521524221E-5 -1.1060769408114063E-5 -8.435132892623985E-6 -6.635110922953826E-6 -4.849774279949747E-6 6.1238679263482185E-6 -8.860665569178621E-6 -7.215216545964189E-6 1.6726544872593878E-5 9.516056715202191E-7 -1.1280957661960814E-5 1.4224936593720187E-5 -1.5888124465105033E-5 2.3159241276968267E-5 3.86794504030172E-6 -5.27551072278731E-6 -1.2650746683758236E-5 5.93517787557074E-5 3.9246348963663355E-5 9.941128595688208E-6 6.064276860034924E-5 3.585921579887113E-5 -1.7903009183747398E-6 -6.1029373384336675E-6 -2.7723897562449175E-6 -3.450404304756408E-5 7.0918215768125265E-6 2.1327799426904253E-5 -4.266945095791051E-5 9.641597344291339E-6 -6.52669215713865E-6 -2.9561408962154936E-5 -4.196829141344923E-6 -1.6529400159528713E-5 -1.1896599511476442E-5 1.2011301378284447E-5 -1.0895238829318433E-5 -2.1457052606487642E-5 -6.908674999409146E-6 -1.4074621834444601E-5 -7.9470816057249E-6 4.606807217350786E-6 -1.335704013625573E-5 1.4299685756466755E-5 -3.912302125413242E-6 -8.882007310047737E-6 -1.9560705488551756E-6 -5.582493599224714E-6 -1.1583244129668427E-5 -5.495474391860539E-6 -1.7639570151186746E-5 1.3285342689451501E-5 3.263585973927764E-5 5.0168682902305625E-6 3.845060511317006E-5 2.514493062096782E-5 2.3369395449966256E-6 -1.4400014704634128E-6 2.5361223224447393E-6 -1.856277472539014E-5 -2.886750129842911E-6 1.3277581527734294E-5 -3.0003472798090626E-5 5.5107301429370165E-6 -9.331311814343669E-6 -1.0362877770511746E-5 -1.3183321007041206E-5 -1.464020900896184E-5 1.9806191296533053E-4 1.2340214810761438E-4 4.3100147103562964E-5 8.038467221307749E-5 8.09266142135748E-6 -4.709716156018609E-5 5.1360808861714013E-5 -5.910973789837511E-5 4.713021654396488E-5 1.7458164601093663E-4 -6.356792246369836E-5 -4.775340123945246E-5 -4.911439070994384E-5 -7.602261661627304E-5 -1.2991977299679942E-5 -3.736943128996011E-5 -6.932827889373668E-5 2.1061426024597714E-5 -2.6600769749873972E-5 -4.800869913646703E-5 -3.8621885630594E-5 -4.9959347736626414E-5 2.0830537884461257E-5 -1.2234944633301992E-5 -4.481977808031348E-5 -2.2593527290742325E-5 -2.7994451397251544E-5 -1.8250400291549944E-5 -7.106019352704548E-6 -2.2252165608779677E-5 -2.2237120826350265E-6 -2.4721729363109523E-5 -4.402916796060648E-6 -2.4216832026251797E-5 1.8816511926616607E-5 3.476983956434646E-5 -1.9632307163160688E-5 -3.420121176771814E-6 3.3328570596166673E-5 1.6386803987115343E-6 3.465103363258144E-5 2.0415980505461085E-5 1.3923374188642848E-5 -1.652148381968031E-5 2.0044888743749913E-5 -7.379598094684088E-5 2.311774240090303E-4 2.949352637437485E-4 1.5034271879933855E-5 1.7566233984407133E-4 8.798615115772086E-6 -1.8979369304581405E-5 1.3385923176873274E-4 -4.233071691285995E-5 2.8988962936634787E-4 2.951016976673838E-4 -1.1997177560867621E-4 -2.028077471722886E-6 -1.468752042282093E-4 -8.030608807935505E-6 8.766729404849696E-5 -1.383695839512443E-4 9.020686738312952E-5 -5.151236754197437E-5 -6.681308845485345E-7 1.5041755603881907E-5 -1.333157857583995E-4 1.0664135431205646E-4 -2.1465515377561833E-5 -1.1141779579862225E-4 2.0629388306551283E-5 -1.4229866932483765E-4 7.58804890678734E-5 -1.9412426846852904E-5 -1.7660328736333712E-4 -2.8167008964918167E-5 -1.4454654228486866E-4 -2.55132577918777E-5 -8.229343841421356E-5 -4.1495787673895626E-5 1.5091347264569593E-5 -9.211152221696474E-5 -6.863687286500983E-5 -9.079703641798678E-5 -1.6350277170241664E-5 1.9542865209500396E-5 -3.595682818736002E-5 -7.72488981854065E-6 -7.188448140228731E-5 -2.06396564253258E-5 -3.54943182606449E-5 -5.0519600950788E-6 -3.47313116791188E-5 2.5823897706177962E-5 2.4442325967993957E-4 2.0201886186707423E-5 1.0366184421425808E-4 6.793608684198607E-5 -5.335218057038026E-5 1.2625414630043023E-4 -6.446089536333351E-5 1.2344204366770192E-4 1.5225113703499962E-4 -1.2991404339018214E-4 -5.612922274896362E-5 -8.776187044966764E-5
