signal propagation velocity: 340.0
sampling rate: 8000.0
room size: 3.55 x 4.45 x 2.5
reverberation time: 0.13
source locations:
0.37 3.09 1.35
3.0 3.09 1.35
sensor locations:
1.36 2.34 1.35
2.1 2.34 1.35
filters:
-9.717396797349766E-6 1.8576354127222324E-5 -2.9273245972328777E-5 4.4042658227317374E-5 -6.115995805758018E-5 8.276556412427205E-5 -1.0732316780002283E-4 1.3685385632395986E-4 -1.700733863148888E-4 2.088933395989753E-4 -2.523481511619844E-4 3.022927423349086E-4 -3.581710116227182E-4 4.2137385193436556E-4 -4.912789249159718E-4 5.69993170384347E-4 -6.582972052142656E-4 7.590702194281119E-4 -8.746454144339476E-4 0.0010097762613491094 -0.0011700634259210036 0.0013650543589850575 -0.0016086916709406704 0.001924873413310474 -0.00235518114062959 0.0029813538278795812 -0.003985908236974087 0.005878910435707451 -0.010825347405149989 0.05925136841540917 0.013040755086639183 -0.013215405250740768 2.445033990828155E-4 -0.008827521349925649 -0.00142904943188496 -0.007234167382592083 -0.0017094359302443352 -0.006291604419035618 -0.0014418483124095105 -0.0057184520439684805 -7.412052948764791E-4 -0.005686821442339507 8.931633915935655E-4 -0.008002499748206882 0.017117547867775668 0.007323675211177244 -0.007798684239574305 -7.572099980510671E-4 -0.005018851354047338 -0.0012823661805470288 -0.003976111699506929 -0.0011009409345802412 -0.003343924454231345 -7.042245886969001E-4 -0.002934079139463114 -1.8515083863446247E-4 -0.0027456584004033058 5.107698465711408E-4 -0.0029502959926571704 0.0017900586680162922 -0.004752165439272066 0.010723700079454904 0.009352313413252641 -0.005073962337820717 2.1687811572304594E-4 -0.002559548386036045 -6.912956134674103E-4 -0.0015189059869042398 -0.001227186431535035 -4.568732479319493E-5 0.022319378754315652 -0.004012682489793279 -0.001936365552828015 -0.0026640891497813346 -0.0023188925601501653 -0.0016781663710022099 -0.0031346846210940915 0.0027374115072377747 0.003062117955973359 -0.0041320843370245 -6.167757119881212E-4 -0.002879779235831048 -6.703590886336652E-4 -0.002549991452403949 2.621222474212259E-4 0.010571744003954303 -0.003053822173800458 -0.00138368933760466 -0.0022783327747159243 -0.0010346881712685607 -0.0025650966147882925 0.0044241858069517526 2.3427043200893727E-4 -0.0025661316638007914 -7.790034035595195E-4 -0.0019524732272962197 -6.292345105827213E-4 -0.0017241490727785552 -2.2458425740484733E-4 -0.0019374517381004347 0.0016373614437708295 0.003972736752066913 -0.0021674712443783273 -3.513603950316829E-4 -0.0011876718626112198 -7.151277585514398E-4 0.007371658186976743 -3.192491950127774E-4 -0.0019499199776689957 -3.8492837858319917E-4 -0.0019364479223351605 0.0023321758225016836 -9.953554340024207E-4 -7.516844171517462E-4 -0.0013385369228138266 -3.272235389896322E-4 -0.0014035757301268659 9.211262409436483E-5 -0.001601514315924757 7.887742723881042E-4 -0.002629499064209992 0.009103442390823696 7.784992992984352E-4 -0.0012465501488333197 -0.0016844873711910069 0.001199688983274827 0.0023711236061895458 0.0019319880335741113 0.005214109734390557 -0.003430652109046667 0.008167039111275962 -0.004871419942771252 8.003996310057548E-5 -0.004048613871178761 0.004126393249734572 -0.0032799324695026166 -2.836412500812624E-4 -0.003888108850956612 0.0020892536026498043 -4.20556338647432E-4 3.605124180621755E-4 4.6180207276755314E-4 8.26047017646353E-4 -2.1623078432961296E-4 9.600072370941348E-4 0.01129749427628976 -0.004216034048924955 -0.002224910844551037 -8.338868701719404E-4 9.050461986174763E-4 -9.257820160896157E-4 5.187344629933033E-4 -0.003790369631775703 -0.001449650217726528 -0.001977224390780574 4.823725624951425E-4 -0.002988140522112187 -9.467836081992198E-4 -5.175210617695547E-4 -8.22151575078367E-5 -3.657367788718613E-4 -7.202755285304063E-4 -0.002196497275914727 0.0011983182462332875 -0.0011499005563823939 6.522517929138938E-4 -3.8351251398552333E-4 -0.0010609424093216413 -9.407356239021364E-4 -5.300549702048213E-4 -0.001006733430275089 -3.007995611406522E-5 -0.0013690128636847376 0.001921589178473529 0.004093070601662835 0.0024076929658971707 4.632776795601701E-5 -6.737587142022217E-6 0.0011425035411700979 5.455160129555769E-4 0.001582811092182626 -0.0019469358280557458 -9.308934319648826E-4 -5.442024765297676E-4 6.15039037364401E-4 -0.0021337166772424365 7.548737793191956E-4 0.00147640809657891 -1.4034225434458869E-5 -0.0014357610005414911 -4.3723018076331777E-4 0.005222100496307211 6.767323695645172E-4 0.0015892716502986654 -6.812737361844984E-4 -0.0016703094362536808 3.363008389780653E-4 -0.0017550471138838425 -7.867455222815012E-4 5.9448158064467904E-5 4.943197308618502E-4 0.0010785628155292881 -7.926213924867448E-4 0.002503299003071016 -7.683522269575499E-4 -0.0019498717029602236 -4.1667705896331064E-4 -2.396158850879737E-4 -1.729314690262218E-4 -5.059353419739065E-4 -0.001550065342609666 -0.0011001019310845628 -0.0011334872994212541 -0.0010036960931617545 9.221102796831554E-4 0.0018538906343825018 -2.3808053458783396E-4 -4.252036449766128E-4 1.8466470747596775E-4 -9.83407760648869E-4 -9.591605750948196E-4 -5.177167741028249E-4 2.8813101054542267E-5 2.2728517375703028E-4 7.124281373488139E-4 0.0010005503760563833 0.0012986175080118428 -0.0011574726915267175 0.0016446203476623428 0.0025549999423904873 6.426814444260021E-4 -2.6192148381386227E-4 -6.72643463401304E-4 -0.0010961006963834952 -9.04878626534808E-4 8.653532138838405E-4 -8.567079379141751E-5 0.0025094949524291504 3.943493266015674E-4 0.0012922571988473741 -9.663407183821415E-6 -0.001985517596839445 -0.0012300173966788147 -0.0014086366191473354 -4.3262140362163026E-4 -0.0010600211108851287 -4.7567146067477306E-4 -0.001354146166025777 -9.464551315044312E-5 -8.19292925418269E-4 4.708576313086493E-4 -9.727556920562236E-4 3.845151440481226E-4 -3.3948215526095893E-4 -8.537507649584858E-4 -2.226432245406862E-4 -3.0923981286680446E-4 0.001461144069942688 9.746212494841505E-4 5.198658433246406E-4 4.004917714722292E-4 -5.945875233286171E-4 -8.26320056258753E-4 -2.963702164438184E-4 -3.306596056124045E-4 3.2644320860761994E-4 -3.492501802209863E-4 4.707167970342402E-4 0.0010288540716575506 2.948696759981981E-4 2.7712142567318937E-4 2.663315921696205E-4 -9.33319896507051E-4 -5.525403815055049E-4 -3.9804242451030314E-4 -1.6025871411610992E-4 4.484240708071269E-4 -1.1416967106694931E-4 -5.053845545330282E-4 -1.7235737447515026E-4 -4.094954638598561E-4 -4.7223754604388407E-4 -2.640173938568968E-4 -1.9052809686739836E-5 -6.013819348012692E-4 4.7169659289354043E-4 2.1353227302978173E-4 7.957378718387309E-5 2.327189591936965E-4 -5.12151664842718E-4 -1.2618468626865442E-5 8.471071803320407E-5 0.001313910872548632 2.125846356094488E-4 0.0018304655447946433 -6.586738727565739E-4 5.812066820887821E-4 -3.614497355963059E-5 -2.1521927646200867E-4 7.561937145195222E-4 -2.507594074501254E-4 7.881376229899595E-4 -6.423142982875801E-4 4.6149763256106424E-5 2.250310426146207E-4 -1.482134635915483E-4 -6.401030815871844E-4 -3.0200998452242084E-4 -5.856612800586858E-4 -2.820956713782963E-4 -5.405240769686959E-4 3.921455498700696E-4 3.297891677329218E-5 -5.781927520511626E-4 1.4800151948585194E-4 2.442623862121407E-5 2.1087933423605265E-4 0.0012051531059310144 -3.1942713539005047E-4 -5.982427957919312E-5 -1.1038886280226312E-4 -2.4052661211310805E-4 -1.703733283334452E-4 -5.682023319608098E-4 3.266770869932087E-4 9.099965842879199E-5 2.2468247545476966E-4 -3.272452185730523E-5 -7.773739825604059E-5 8.438430036029898E-5 -2.8391303380227717E-4 -4.2043676953618797E-4 -3.3896408709013087E-4 -1.1952846330832989E-4 -4.2759075071852753E-4 -3.314125774716639E-4 6.175368716747343E-5 -4.0499731694355195E-4 8.688588520032944E-4 1.6676403411197693E-4 2.716222515514108E-4 1.2121262682034811E-4 2.2229656427948108E-4 1.3885444931322627E-4 1.5937502895256583E-4 9.577065377205929E-5 -1.9880190838592743E-4 -3.2361888945946216E-4 6.284918280864693E-5 -4.910657977582056E-4 -5.650691560221688E-6 -1.341780889074773E-4 -2.979606407389826E-4 -2.439210242096354E-4 9.501679390656881E-5 1.604566089016199E-4 1.189273444530542E-4 1.390275204928501E-4 8.33969034010458E-4 -3.69583014443009E-4 3.816073922433688E-4 -3.200530768543222E-4 -1.0556894136917044E-4 1.7755060367302677E-5 2.2708362591576658E-4 -1.5027775513608288E-4 1.8311747785020732E-4 6.032723253480976E-5 -2.655948648067896E-4 -2.221180647248716E-4 6.0018225163500916E-5 7.987014824885341E-5 -1.0450458803620138E-4 -3.678544762156649E-4 -3.8129940741984253E-4 2.3125734017633015E-4 4.607269057570404E-4 3.2288694582482264E-4 -3.915392761441247E-4 4.3653840489672746E-4 -2.4926851374388465E-4 -1.0614939753894603E-4 -4.64271843902464E-4 1.7918087619119005E-5 9.230939757664397E-5 3.410501456075424E-4 -4.108673264879015E-4 -4.188474229588346E-5 -1.3090927036905897E-4 -8.347300642623165E-5 -2.617455113352804E-5 -1.7404126396507874E-4 -1.8982365709662233E-4 -6.0827666447091366E-5 -2.5467644180738463E-4 -8.403563238858214E-5 1.371583492146937E-4 9.792004426772624E-5 -1.7848869665137296E-4 -6.063722169208363E-5 -1.6225833141804424E-4 2.769919992706947E-4 4.6076685397895487E-4 7.066441539496995E-5 -6.214295922979049E-5 8.185238125070493E-5 7.442253897787035E-5 -1.3945804350882357E-5 -4.0607291714716415E-5 4.1352492918082795E-6 -1.040805809171784E-4 -1.4418425985962893E-4 -7.019730824305015E-5 1.8409444380245582E-4 -1.2807595684664538E-4 -3.08178586635479E-4 -8.424812051123151E-5 -7.592980456948631E-5 1.0189522336149712E-4 4.196926985806926E-5 1.976491966731546E-4 2.7031517133581373E-4 -1.9758743724795913E-4 -2.81061934484933E-5 -2.2560081403451282E-5 -6.90245069239967E-6 1.2352957442087614E-4 -3.762148933111539E-5 -7.219081777832398E-5 -1.689770659411491E-5 -2.4491112680415095E-6 -9.053634599355195E-5 -1.297492052879587E-4 -2.0186916520917308E-4 -1.5713701084885817E-4 -7.385043493707624E-5 5.322609469384995E-5 4.0772604675961416E-4 1.9695397687383154E-4 -4.36373413978744E-6 -3.303240623935694E-5 1.7014873459654176E-4 2.4102842055957058E-4 -6.007876623282532E-5 -3.5742629197508397E-5 -1.7518835703074498E-4 -1.8420834237628178E-4 -1.0307957031691073E-7 -1.202713600785138E-4 -1.6774236664273898E-4 -5.486204000309733E-5 -5.213547811495217E-5 9.991398198962165E-5 4.597356047994494E-5 1.7359171902447956E-4 -1.3387093760381524E-5 -2.2261417521075855E-4 -4.360312199075053E-5 3.9030015421343683E-5 2.1504093015057776E-4 5.088729888035222E-5 1.5478586631758814E-4 -1.243451583358597E-4 2.534075514299891E-6 -5.0604243325824E-5 3.023446364902073E-5 -6.335436622873121E-5 9.326532222965825E-6 -8.058413422383504E-5 -6.130171770105108E-5 -1.78333491839041E-5 -4.7714983039154335E-5 -2.929669522992208E-5 -6.0434387837135506E-5 4.6803473608032775E-7 1.774386441766307E-5 1.4833935406097926E-4 -1.4350921757860097E-4 1.2816504840876958E-4 -4.38712834663485E-5 -4.4976209389953684E-5 -4.6864662875428786E-5 9.920807529447719E-5 -2.528335941826519E-5 -1.0957983431346928E-4 -8.547193312083597E-5 -8.872512488313292E-5 -2.8917905928920254E-5 1.1630860107721477E-5 2.8688477322815625E-6 -2.7782805995314394E-5 -2.7941028639795473E-5 6.678886555093466E-5 -7.152373848058266E-5 -5.918316949102623E-5 4.993769354509972E-5 -3.4440605064684285E-5 5.555318242356569E-5 1.5049624112473126E-5 8.718482562487806E-6 -9.561424142258586E-5 1.6297626462465943E-4 8.276937449237277E-5 -3.558127560604994E-5 4.665971592634002E-5 1.0485583560908979E-4 -4.898411649041992E-5 -9.785243286003151E-5 2.9578021836710114E-5 -3.264631366010906E-5 -6.907486763816847E-5 -1.4154001847991107E-5 -3.7986491915805234E-5 -5.9182684344596254E-5 -1.1567814734969248E-5 6.375042366194364E-5 9.152847789429923E-5 -4.482558943211257E-6 -2.302043366663939E-5 -5.81241323350766E-5 -1.755016455788974E-5 -3.027959807493097E-6 -1.3692875905258785E-4 -2.286353829453018E-5 4.210103563054117E-5 4.696685948201579E-5 -2.5797477150837217E-5 -1.5019988247769872E-5 -1.4615559194354824E-5 1.0387771230721023E-4 3.9757118002890085E-5 -2.918634587413191E-6 -7.688264258692845E-5 3.163849263464538E-5 -4.740498643173233E-5 2.70216168898902E-5 -1.935138071123589E-5 -4.637717174878729E-5 5.0062387077644266E-5 2.5216279868327945E-6 1.6022198579900004E-5 -8.017037329792476E-5 7.209209398414962E-5 -3.259179139502959E-5 3.195992402394918E-5 -2.5899115515138488E-6 -6.073336864547904E-5 1.010701253351693E-4 1.3889233718343205E-4 -1.50727117925048E-6 7.469066671969907E-5 6.609413807395596E-5 -2.184205303895105E-5 -7.007956607017057E-5 -4.2064557252358484E-5 -2.1058450874611098E-5 -9.825225765071853E-5 -4.040095793597827E-5 -9.022808351826471E-5 1.841638819817179E-5 6.317312940202872E-5 8.190913218324505E-5 -5.346325277404487E-5 -4.420391083412474E-5 1.6180504855670477E-5 1.3207833526249213E-5 -9.04021419350625E-5 -2.4380233319694355E-5 -1.8383248845781075E-5 -1.7887467215796718E-5 -7.244511329660037E-5 7.17573634012765E-6 -4.2633331913354694E-5 1.760051535658596E-5 2.3299710981301673E-5 -5.3737294994065515E-6 -1.0348558391177348E-5 -1.748337749219158E-5 -3.4517900729521753E-6 1.1136285257434125E-5 -1.7486225538945743E-5 -1.7391176376151812E-5 -2.0076446212960626E-5 -4.1475786391248146E-6 -2.742499705412748E-5 9.990282321682177E-6 -4.7150829600293986E-5 1.8852937040495302E-5 -1.5836934035863386E-5 1.919132023126338E-6 3.2116198048666444E-6 8.948525326172262E-6 -1.411127888047408E-5 -2.956557738132727E-5 -2.2871109204489898E-5 -2.646377869489156E-5 2.970051294423192E-5 -3.963355509243628E-6 -4.7847135852496954E-5 -7.82956144902789E-6 -4.865237227718103E-6 -2.572402092907832E-5 -8.098770711163078E-6 -3.759377929163539E-6 -5.380621864505344E-6 -1.2001697122005286E-5 -1.7766699598748513E-5 -9.62947953566523E-6 -4.417343607220417E-6 3.425167052845124E-6 -1.2410773752236353E-5 1.0592434557781796E-4 3.9528223410786444E-5 1.64687224329268E-5 7.509897246683883E-5 5.118102684000545E-5 -4.1514957251534423E-5 -2.669639174492696E-5 -1.0613171408205366E-5 -9.37320222061484E-6 -1.1820725853903952E-5 -1.4462239544949223E-5 2.135195056271813E-6 8.183111482144888E-5 3.2003507760419714E-5 -3.683917803014476E-5 2.8108283764032016E-5 2.146096687106764E-5 1.6528776152855557E-5 -4.545567090765345E-5 9.991700753318213E-6 1.4993928566138948E-5 -5.206732220973745E-6 -3.521630284597944E-5 -3.056149567299063E-6 3.122894032997307E-5 -3.149633494795717E-5 -2.3530671602873914E-5 2.2339022277932663E-6 3.1221996349087983E-6 -6.641228730045259E-6 -2.2994756108384376E-5 -2.2908980233437258E-5 1.2865328876248208E-5 -1.3208860412690544E-5 -6.685463707156204E-6 3.942866511084074E-5 7.221073230333393E-5 -1.6168382308335595E-6 5.447665262913251E-5 3.597220303477953E-5 -1.192495402442973E-5 -4.036477398187185E-5 -1.2646206446456122E-5 -4.8517307842824674E-5 -1.358773085035226E-5 6.988769422154768E-6 2.0515914673376566E-5 5.320711875638536E-5 -4.2158959086063645E-5 -1.3615918638965052E-5 8.424177808208193E-6 -2.7268615166853652E-5 -2.205285137831317E-5 -1.3970399786168014E-5 -2.8201545615950258E-5 -2.5984740020925344E-5 -1.905356569529941E-5 -3.936732729920532E-6 5.675749126824933E-7 -8.337201239991439E-6 -3.0236325660390473E-6 -1.5768245888284765E-5 1.4509624166850373E-6 -2.7829720318523626E-5 -1.0918624742370202E-5 6.785543275804155E-7 -1.1168775331666693E-5 1.5852110953730805E-6 -1.9067581286827482E-5 1.2986006087578345E-5 -6.108890577489253E-6 -1.8371563043932324E-6 1.373448647498188E-5 -2.6919666791802577E-6 -1.0835470759802505E-5 -1.4507009770885464E-5 -5.479809244246341E-7 1.6775846073554656E-5 -7.969305734520198E-6 -2.3983819545223342E-5 -3.569869323634921E-7 2.1595229553509135E-5 -2.5240556714750846E-5 1.8043836576353903E-5 2.8887208430193254E-6 -2.6554989838948467E-6 -8.226501857857421E-6 -9.654546809845666E-6 9.9370314286403E-6 -2.4079622795372766E-5 -2.662504682445204E-6 9.249037864318905E-6 -4.496771663169445E-6 -1.153949230659596E-5 -7.699432259761739E-6 1.8619270931216365E-5 3.110332680057726E-7 -1.3888176981613053E-6 3.065125096947353E-6 4.4264685876285476E-5 2.4173003503176645E-5 2.7030203904281633E-5 5.4335367854013066E-5 -1.9883353315447265E-6 -1.2314178285835996E-5 -1.685577670064312E-5 8.191061490190384E-6 -9.80856077112879E-6 -7.630485036407529E-7 2.4685562203794788E-5 9.661569915255831E-6 -1.9814050419776803E-5 -5.071213327682931E-6 3.5933888001033094E-6 -2.3145950082481027E-5 -1.1318773102349678E-5 -6.901606132786453E-6 -1.0340947516652554E-5 -2.8746137702343952E-5 5.253907816066879E-6 8.018708870684201E-6 -2.2454671895631023E-5 -6.9483601263607E-6 -7.194505732519528E-6 4.611347520239433E-6 -1.6904616815593704E-5 9.742732687158858E-6 -5.814131719361366E-6 -1.6211474341106674E-5 -1.7619345307243704E-6 -9.849221021857209E-6 -2.5820524106683583E-6 -1.4098861798737122E-5 2.2977960760469426E-6 -5.868366961736624E-6 -8.570405998578352E-6 9.768769208540022E-6 2.098274196507587E-6 -2.320953755967749E-6 -1.6188359204744387E-6 -1.2976054633867572E-5 -6.9064651210557024E-6 -8.522040426810944E-6 2.799623365710123E-6 -1.3826163940431745E-5 2.4965413223263606E-5 3.3543962902220226E-5 8.457930066490963E-6 4.364412648946931E-5 -1.6228543968134501E-6 -1.3394369961607696E-5 -1.245809366983439E-5 -1.5787374316318572E-5 -6.3115945393374135E-6 6.9934754102093065E-6 3.311305334454469E-5 8.152978650018215E-6 -8.92451786981799E-6 2.3002300182988974E-5 -5.229348451185048E-6 -1.1433882427214995E-6 -3.0693736633043665E-6 -1.4286073369429095E-5 -1.586123708696577E-5 2.0503692587190564E-6 2.8524400246957363E-6 -7.954557449652748E-6 2.991740868853827E-6 -2.6045684090420743E-6 -7.335946194873778E-6 -8.347529000300724E-6 -3.2435156790203146E-6 -1.3547982142870759E-5 -6.045004489277101E-7 -9.979354798135553E-6 -1.6612954529826324E-6 -7.612032523725406E-6 2.1390957786445244E-6 -8.106407000523907E-6 -8.061823586380914E-6 -8.997471425581903E-6 7.310777946261185E-7 7.712272384928194E-6 -1.3710730723251116E-6 9.127587988185535E-6 -6.368562269837112E-6 6.757535937229088E-6 -5.22545982306838E-6 1.6340737560970736E-6 -4.656054538695192E-6 1.4070786776843036E-6 4.490866476944671E-8 6.526923977268257E-6 1.8443150842989073E-6 6.5585983862632155E-6 -7.496128517579998E-6 2.418490140512178E-6 -4.483003039918473E-6 -8.72488338471086E-6 -3.96528872226385E-6 9.823682156881496E-7 1.9234066593832796E-6 7.262528110351849E-6 6.1289921076874455E-6 -2.7734049566129158E-6 -2.268073682919398E-6 -1.0056445403329927E-6 5.340696505037076E-6 -1.89931794223816E-6 2.290570309849819E-5 9.952561348562064E-6 7.5048030459176065E-6 1.6197042331443168E-5 -5.6452102770845674E-6 -5.507951376964161E-6 -5.905201622370877E-6 -1.0514696253051295E-5 -7.240089533560733E-6 1.6054433343762613E-5 7.949271291288196E-7 -1.0156313548934093E-5 9.892495626604922E-6 -7.573815391580295E-6 -1.00565651521339E-6 1.590109747594791E-6 -7.44466817446986E-6 -6.624810255622792E-6 2.233836153915994E-6 -5.806472030289982E-6 -6.13906363981483E-6 8.121736915587402E-7 -7.5317423556986885E-6 -2.439446502331983E-6 5.647406170199588E-7 -1.4371193859466242E-6 2.3180952046522813E-6 -4.4744079862917485E-6 -2.454129719583315E-6 -2.0002121980720964E-6 -2.4921898134417546E-6 -3.3520353915012305E-6 -4.769035053340501E-6 -1.8199671632875176E-6 9.304765467206023E-7 3.967208254196451E-6 2.0893381354717138E-5 -2.4893350067788783E-6 2.1846028844102732E-5 -2.5512059475870513E-6 -5.495158816191969E-6 -4.68633864686267E-6 -3.4472906706212083E-6 -1.4314241423599942E-6 1.810494007302855E-5 3.936483662500957E-6 -5.928348894553752E-6 7.479652312392484E-6 -6.9713997971577665E-6 -5.144616888731073E-6 5.098235614475451E-7 -5.731398978232969E-6 -5.459317924162992E-6 4.80312088820998E-6 -8.36214280190001E-6 3.585932691692502E-7 3.550069176559505E-6 -4.430715813428967E-6 8.90084895736735E-7 2.124690528924021E-6 -5.301164372102174E-6 -2.6112001741616627E-6 7.463295975359326E-8 -4.91628008777317E-6 5.784447661440466E-7 -9.186672059516548E-7 -7.3392387156311165E-6 9.77060425634427E-7 5.3585563007056E-6 -9.024868996735953E-6 3.087892664254072E-7 -5.627124780316632E-6 -4.546731245138789E-6 -7.416361531708974E-7 -1.2011805246400949E-7 -1.96628567519471E-6 1.3343300805032654E-6 -1.2033548325309472E-6 -2.7718453103977875E-6 -1.357018354931406E-6 -4.289282929346278E-6 -2.3372513744557982E-6 1.0260866882540144E-6 -1.9968364137484687E-6 2.48916955741357E-6 -1.978490876691373E-6 2.072270873016281E-6 3.397396806620746E-6 -1.6642543137158818E-6 -8.307846311634312E-7 -1.856447270451745E-6 -2.8140775485026304E-8 1.0512595517651315E-6 -4.7509728196232313E-7 -2.099100784011868E-6 -4.253451823000307E-7 -3.2161200755077553E-6 4.806994079986074E-7 -3.233027272223001E-6 3.0994684945082215E-6 1.1408011747784518E-5 4.096373683230229E-6 1.1967078063211483E-5 -2.4624129496390607E-6 -2.5268645105546513E-6 -1.6140400567640463E-6 -2.638938375920056E-6 6.027792865722541E-6 6.126493700230073E-6 -3.6468974621504382E-6 5.2106128950675555E-6 -3.958114334746184E-6 -2.0814951003477866E-6 -3.2449741030967532E-6 -3.2013882633550456E-6 5.032916360686525E-7 2.2181371443666213E-7 -3.3594060028732274E-6 1.4913211402532277E-6 -2.2244767762641914E-6 -8.117915185637753E-7 -2.4782525983809995E-7 -2.4248383329005516E-6 -1.40244415531524E-6 -2.288560792823016E-6 -1.0759132261566008E-6 -5.712734455094455E-7 -1.2423403638818671E-6 -1.8163891103595178E-6 8.032193540326717E-7 5.001138240497529E-7 -2.880470895247789E-6 -1.8386269713133456E-6 -2.2802862235205912E-6 -1.4635980005790641E-6 -1.0568030672942889E-6 -1.0872525767024847E-6 -1.43858739678896E-7 -1.4386812484072772E-6 -2.455710887498664E-7 -1.5122396496033118E-6 6.894339909190278E-7 4.6339276014333627E-7 1.3031749473243928E-6 1.3333940346071168E-6 5.984699866232488E-6 1.2213842709331854E-5 7.770751085052919E-6 9.355064482716456E-6 -3.4437738808292928E-6 -1.4139260792220645E-6 -2.2096508075824996E-6 5.361377650624157E-7 8.055496807464501E-6 4.655638134143077E-7 -2.533202275292474E-6 2.3675842500480533E-6 -4.360969159133228E-6 1.7008142084529252E-7 -4.332706179825132E-6 -4.609518491807793E-7 2.2615108146715785E-6 -1.9542374102644367E-6 4.888267610838964E-7 -1.7450127072695266E-6 -1.8647867249001453E-6 -4.958253348497131E-7 -1.5735946948924992E-6 -9.581123138519172E-7 -1.1521848568305047E-6 -9.471794259608541E-7 -2.078287368610383E-6 -3.6348485866457485E-6 -1.895314903591831E-6 1.0359891568449534E-6 -7.282811416082276E-7 -3.443954514390055E-6 -2.9492321626027563E-6 -2.067920061194948E-6 -1.5723871871629511E-6 -1.8009081506886997E-6 -1.6246572914988813E-6 -8.082272691136675E-7 -1.277696087994152E-6 2.4680685777142986E-7 -6.281520736238977E-8 -9.787000667268683E-7 -2.5475000425210495E-7 -6.42977139142032E-7 1.0578403212816345E-6 1.6072471727845592E-8 1.555519751158678E-6 -5.793466898999962E-7 -9.776323967154125E-7 -4.795229571648296E-7 2.802972927829113E-7 1.0254331059516132E-6 -1.040818841590484E-6 -6.845415354544819E-7 2.667907289139197E-7 -8.025732344656426E-7 9.069852141898877E-7 -1.1529672108895371E-6 -1.4336991780504829E-7
0.0 0.0 0.0 0.0 0.0 0.0 0.0 0.0 0.0 0.0 0.0 -1.0514232091224151E-6 4.418845940865896E-6 -1.0309069944293986E-5 1.8926083629072236E-5 -3.0490848185292066E-5 4.522319954895329E-5 -6.33666747462814E-5 8.516944204792838E-5 -1.109130833232886E-4 1.4089535482960313E-4 -1.754629512063966E-4 2.1499943114437878E-4 -2.5996373370495973E-4 3.1088823120707296E-4 -3.6842804127548435E-4 4.3337832268131585E-4 -5.06746567433677E-4 5.898088516071453E-4 -6.842350564565816E-4 7.922328060766358E-4 -9.16805970006804E-4 0.0010621244719254558 -0.0012341633138441134 0.0014417624863063455 -0.001698749268007576 0.0020275180645487633 -0.002466905688893724 0.003090586727310843 -0.0040572710686334204 0.005785345876890974 -0.009853528848710975 0.03230975286620807 0.021991810717502704 -0.01263463205846194 0.00195228841179379 -0.007174580084397253 -3.724200626722546E-4 -0.00534673551922607 -0.0011292215734451105 -0.004221992435455596 -0.0014064530273339704 -0.003345298129745461 -0.0014871053809811796 -0.0025876276090832095 -0.0014872543780796998 -0.0018990164031158774 -0.0014704647164313078 -0.0012504210439375496 -0.0014838161647539316 -6.088924046117605E-4 -0.0015826989756082543 9.02120942812279E-5 -0.0018787207000737632 0.0010466693000551336 -0.002834631361737283 0.003921203551776761 0.012269213830423537 0.0010533544692349767 0.012777319618312535 -0.005364144296581691 -0.0012037623178866308 -0.002721628131328299 -0.002401629681821338 -0.0010250809665169336 -0.004337225337714301 0.008365731074199523 0.004830206565248629 -0.005437782824200071 -6.765969203434141E-4 -0.0033885970563239387 -0.001283872581736234 -0.002409243690330548 -0.0014726290814762455 -0.0016234807144773489 -0.0016239910505153332 0.0059130956366219845 -0.0024378306133669148 -2.4136230987367724E-4 -0.0038945014152046986 0.009054852826573173 0.0016488185228104024 0.0019365017560038777 6.458346276420057E-4 -0.0038141816230084225 -8.648708571017683E-4 -0.0027481110690516786 -0.00102769113183665 -0.0021229126735451964 -9.856572271134678E-4 -0.0016279344566355602 -9.114347883298901E-4 -0.001122436833272511 -0.0011803842521402874 0.013518440590175124 0.0042765331969264325 -8.739076614675406E-4 -0.00271115439340254 -0.0014820302249120287 -0.002799229913845347 0.0018772117530781451 0.0013064235783382394 -0.003467565733192568 -4.692930842933041E-4 -0.002880813238493929 1.1764000484248971E-5 -0.0034664133826034227 0.006059084942668408 7.147499259100853E-4 -0.002112782841079658 -0.0015037683611837382 -6.902319417129155E-4 0.005825984250053803 -0.0016541678467640597 -0.00223790757493815 0.008161384101861943 -0.001945399782587287 -0.0014231558864261085 -0.0028801697011221483 7.957643966300665E-4 9.886553705427403E-4 0.0027059716464227224 -0.0027517443310579315 0.0032655124577946337 0.002231990151447455 -3.064811238276399E-4 9.849350053395822E-4 -0.0042163899410076755 -6.207474432423643E-4 -0.0033237178590771466 2.57121562922763E-4 -4.308255305137676E-4 3.9028741418209445E-4 0.001362317012776032 0.004509605511818726 -7.736992038042678E-4 -1.5661495413346604E-4 -0.0026973413282574965 0.005858005788288045 -0.0016618033621655093 -0.002305146027666266 -0.0024093178454552555 -1.1417525142526364E-5 7.413545008502498E-4 -0.0022058920313874353 -0.0017385864115024297 -0.0011867327673964478 0.006558714743094551 -0.002213949458258313 -0.0015563443414105538 -0.0021453305209599427 -6.909719320891405E-4 -9.866315643622392E-4 -0.0010076926325570945 0.002330909627736022 -8.385315465803123E-4 -0.0010933771164912953 -0.0014125730158068561 -9.175064222805562E-4 -0.001150868318514256 -6.552278177902882E-4 -0.0010832086353131654 3.000295853273771E-4 8.685309666690705E-4 -0.0013832580022702656 0.0021138098829042024 0.0029182528490479948 0.001378723701032647 0.0023656847092144717 -0.0012523217609192866 -0.0012855990469851641 6.290571744118068E-4 -6.48312439981813E-4 -0.0012387492525476884 -2.7651045678435404E-4 0.0010344638144768464 0.0012421544084690317 -0.0010847095130514378 -0.001012288275315354 -9.116083878546455E-6 -7.530411174684476E-4 -9.670769549146863E-4 8.039407026800144E-4 8.079228497211571E-4 -4.574302539730596E-4 6.661937416167357E-4 0.0014412863065003112 -0.0016785118507183228 -3.8481899281388177E-4 -0.0012218802759241115 -2.1876355574931838E-4 5.913095405346291E-4 0.0028149565467427695 0.0014236414850927886 -0.0013703807651680722 -6.491573392493899E-4 0.002250030009894169 2.5271317607923616E-4 -0.001785387468543731 0.0013538304852345612 -0.0011158178046065254 -7.829418136515581E-4 -6.413517802295737E-4 5.169076400023398E-4 -5.806946768349697E-4 -4.4161666176116554E-4 0.001757694756481007 3.3614391791232656E-4 4.8339607626525505E-4 -0.001610427662483177 -7.821689740173526E-4 1.7163471781461714E-6 -7.34706940411084E-5 -6.991961080827502E-4 0.0011123247521766938 -7.92322994754957E-4 1.4412078915167215E-4 -8.853820865693529E-4 0.0017954144038030279 -0.0012715446305010397 0.002492577692837644 0.0010251072548604773 -3.4076293162409177E-4 -5.065465379660156E-4 -4.7531902127140313E-4 -9.259714602573021E-4 7.375116487921551E-4 0.0017558402726833844 2.9268953084329863E-4 0.00204775488980595 -8.493726766570509E-4 -9.440635654373586E-4 7.247313439184694E-4 -0.0011907312499435385 -3.700085086516536E-4 6.356693826552601E-4 -0.0014334802191892648 -3.1488997958678544E-4 -3.6939438819716397E-4 5.2728007725280635E-5 2.0605247989621822E-4 -6.445415481620698E-5 -3.7198957395594145E-4 -8.436080513887917E-4 -6.955347176395288E-4 -3.2347746805558297E-4 -7.716377705966337E-4 6.128209097237824E-4 4.4941598939075844E-4 1.2351056177231645E-4 9.081817033027018E-5 2.4562285020843233E-4 -0.0011409923670269023 -6.069718134681795E-4 3.867140311660522E-4 -4.926747308583723E-4 -1.8519203953396013E-4 -3.2226263263844535E-4 -2.918161304577005E-4 0.0011506656562788597 0.0011222769567787172 2.474613575032675E-4 -4.203089093906265E-4 -2.683108601703177E-4 -0.0012062528769922476 9.660002948627122E-4 1.174176796543483E-4 -4.1097736844357413E-4 -8.335351725930612E-5 -8.791747279202969E-4 -2.160459778669105E-4 1.800277932956923E-4 2.0792758598688066E-4 -6.931389166900254E-4 -2.66296617958732E-4 -8.040458583763524E-4 6.58298400032363E-4 6.101832548770503E-4 -4.56120293805401E-5 3.5176241340991593E-4 -3.822046679160876E-4 -5.579115796713607E-4 -8.545474650829138E-5 4.808766299681036E-4 8.916728272131344E-4 -2.4676592302212E-4 3.105571560353959E-4 -2.1912509984348821E-4 0.0011102376277635218 -2.959437987753999E-5 -1.2191685985740025E-4 3.7327633129966703E-4 -3.2177695211361296E-4 7.718694374927795E-4 -6.380571048647185E-4 7.406506700525298E-4 5.809402696136876E-4 -4.939599276385792E-5 -2.0680513621226804E-4 -3.145241536287105E-4 -7.435110460769015E-4 -1.262640860559064E-4 -3.7726319108072337E-4 4.7272561966114207E-4 -5.078491195772417E-4 -5.130050562495575E-4 3.1621960154578493E-4 -3.213355011442917E-4 1.520013266295625E-4 -3.4283854748444476E-4 1.2838149072137706E-5 2.0493585575293016E-4 -3.9106130025229335E-4 1.5950529484307086E-4 -3.7120769598773806E-4 -6.831038834159697E-5 -3.3038368775736154E-4 -1.3177200979353626E-4 9.068950522147373E-5 2.818779868891119E-4 1.7860746427834223E-4 3.215792802978082E-4 -7.12349089402195E-4 -3.4840255574486445E-5 -5.509449497663951E-4 1.0360757695051376E-4 -5.237416878974208E-4 8.667047158826546E-5 -4.992753490550561E-4 6.232289512937764E-4 3.6634142144634924E-4 -3.28679826817474E-4 -2.4886581806065483E-4 6.837120710839958E-4 2.927351651850381E-4 2.9133640406206127E-4 -1.5198415154595718E-4 -2.7346615240883207E-4 -8.268248690306013E-5 5.218327247327736E-7 -1.1254579754155919E-4 -2.681907398683174E-4 5.595527227744181E-4 1.3608242288862954E-4 -3.415573502749854E-4 -2.423592891698141E-4 5.472021747487607E-4 8.663352637236152E-5 1.815354520338444E-4 3.874451935548251E-4 -1.8553992014768914E-4 -4.4017082244572625E-5 -2.18058519987456E-4 -4.6389966330634413E-5 -2.4406524963859616E-4 -9.367162659546652E-5 -3.151772057132171E-4 6.114430725048109E-5 -2.6988704236448335E-4 -1.3107418086408945E-4 -3.4080344901473575E-4 1.4978087799372847E-4 3.0077983583330636E-4 2.3459711768425776E-4 -2.3124257341479784E-4 -2.5632066123595226E-4 1.6796316450620047E-4 3.798945909322636E-4 1.735848750006458E-4 -8.346161142868541E-5 2.898965581974236E-5 -3.9873465383016143E-5 -5.9085110254410156E-5 -4.355793771468365E-4 -6.748886421639733E-5 -8.434403870372434E-5 -7.713201336437617E-5 -8.869711569248206E-5 -1.4848441476857446E-4 -7.107989850173649E-5 -1.4894961522502262E-4 1.0491961308570566E-4 2.0758433050310082E-5 -2.6101379083268497E-4 9.47068916626291E-5 2.442303471218016E-5 9.558902191194457E-5 4.127793504773297E-5 -7.993956117058332E-5 4.924041494158773E-4 8.680729168428908E-5 -1.9692298317904033E-4 -1.1289902354644568E-4 4.092110206823235E-4 6.220031352809768E-5 -3.916181636471269E-4 1.7466060087316035E-4 2.1976389991101158E-4 -1.2399898201129536E-4 8.825344180261527E-5 -3.976280697947851E-5 1.313019841407692E-4 8.464710503214984E-5 -4.068943607382636E-5 1.8494837869254682E-4 -6.204857869274855E-5 -8.28351124458962E-5 -1.2125176044717675E-4 -8.64521633501085E-5 3.008685064691055E-4 -4.331275389577935E-5 -6.792044290755347E-5 2.5610520541119453E-5 9.698564232540549E-5 3.279307722690861E-5 -2.3237244814079683E-4 -1.1097765492650707E-4 -2.3736024758654398E-4 -1.09108456751425E-4 -2.1160955465218678E-4 -7.672692173034401E-7 -1.6462259932934625E-5 -3.403272547157846E-5 -2.3698479033342282E-4 -6.456059612349602E-5 1.815550525216189E-5 3.1545847832079726E-5 2.118268699991578E-4 3.07355988618932E-4 -3.482305283865339E-5 -1.3953141272314562E-4 5.003551202883115E-4 2.578631337568395E-4 -1.5564649175912187E-4 -4.462332132793706E-5 -8.949265154597347E-6 -8.702934117008412E-5 -1.8687624626906665E-4 1.9391142819779467E-4 -2.9264431394081247E-5 -3.110059701700654E-4 1.0954727661015295E-5 1.2902592260307863E-4 1.3865439657025427E-4 -1.1544319432059413E-5 7.043308389881667E-5 -9.880005591886634E-5 -1.0062127501744844E-4 -1.413888425323799E-4 1.5093210644883878E-4 -1.1350200049015449E-4 -1.8064179230358607E-4 -1.1894237138656422E-4 1.8543285824186573E-4 -5.196337410350027E-5 -2.1484564448152887E-4 -3.4298138580357573E-6 -1.494084973181764E-5 -8.899903720083549E-5 -8.682536707125751E-5 1.732897134357654E-4 -1.648930807973993E-4 -4.6616417182007014E-5 7.272676388372923E-5 -2.5239702556327168E-5 -1.0210369627567696E-4 -2.8528023880848574E-5 8.223617610884394E-5 -2.220153554888249E-6 -1.0557442714456168E-4 8.252103236402672E-5 -1.1427250586127508E-4 3.2323015770011065E-5 6.71380465171352E-5 -1.2487146924608158E-5 -8.422808493011198E-5 1.0360428069728159E-5 -3.4372123763806023E-6 -7.74370902587862E-5 -1.3668429577224153E-5 -3.014901310626622E-5 -9.326093792349013E-5 4.554201159896916E-5 -7.26080297366559E-5 9.100657920990685E-5 -6.695765025743067E-5 5.6881826933866814E-5 1.2768673789604126E-4 5.2472040399377876E-5 -5.4426013754844266E-5 -5.343416554901004E-5 -3.520273789921376E-5 2.038943434324956E-4 -5.2082372460298884E-5 -3.695760743532145E-7 1.54651300965895E-4 5.9937533095943615E-5 3.595139497528446E-6 -4.097063220420173E-5 -4.089206443014769E-5 -8.090919128895917E-5 1.8504888639888153E-5 -6.156980221139717E-5 4.4877565106517595E-5 -3.4333506462839655E-5 4.8266745858411425E-5 9.092551522774973E-5 -6.170332680235924E-5 -4.1230621507836254E-5 -4.3481562123196676E-5 -3.2462375015028175E-5 -1.0646831111883574E-4 -5.553945253318482E-5 -1.087496639297636E-4 3.5808299015577943E-5 1.5414110790935506E-5 -2.2853717685646785E-5 -4.3041003326312055E-6 -4.717374829667394E-5 -3.839460098187253E-7 3.416784137388884E-5 -1.47786780097265E-5 -6.155178571517084E-5 6.195961369951167E-6 -3.86154313036487E-5 -1.518766406153043E-5 -6.697960626001441E-6 -4.3126165139461235E-5 5.977972668365014E-6 -1.5054133930699452E-5 7.934914195860399E-5 3.121218077570265E-5 -1.841188979094001E-5 1.50044681418611E-5 7.044202130866706E-5 -2.010955093873553E-5 1.804497460946783E-5 -2.5043746433276066E-5 1.9545825256776696E-4 -7.762389611789232E-5 1.1177517501954979E-4 1.3202193572552957E-4 4.632539563782963E-5 -1.599089200659664E-5 7.684446792639507E-5 -5.479719167407124E-7 -9.725957197128342E-6 -5.530129429806574E-5 -2.4744794861057337E-5 -9.669627555270247E-6 1.4257318524748402E-5 -1.2611108652178446E-5 -4.754801730207439E-5 -1.0290517696185872E-5 -5.329855521630025E-5 -3.0484592410678565E-5 -2.9336360353014387E-5 -5.0776008498405745E-5 1.1719414217804466E-5 2.0537526069824147E-5 -8.076650043435316E-5 -3.0417644650124545E-5 -2.980027562675229E-5 5.065367509545643E-6 3.3843978778924644E-6 -9.103470485681553E-6 -2.3818652622503884E-5 1.7925174742181894E-5 -2.331173516063878E-5 -5.647911211325001E-5 3.0849889801646754E-6 -2.4503905840822862E-5 -2.4145720422082823E-5 -1.736757026250032E-5 4.319146022397063E-5 -4.7554067552383825E-6 -1.8087405685795685E-5 -1.0028833413054314E-6 -2.2946801963075192E-5 -1.702904873507674E-5 -1.5284619352748732E-5 -1.9740766160756228E-5 -1.8241741775543337E-5 -5.762501222228086E-6 1.198496014909265E-5 -2.219746624428174E-5 4.889029712900478E-5 2.9576639520496363E-5 -7.593124105197656E-6 -2.995531151446778E-5 -1.1098864484756533E-5 -3.162264383230109E-5 -2.5890163198876923E-5 -1.2408181834563242E-6 3.445006280354025E-5 -4.5256631064222175E-9 -2.2787375331002196E-5 1.8703193754794883E-5 -3.582955368363087E-5 4.953985634840313E-5 -1.0894747411116078E-5 -9.35656479144351E-6 1.1703086779901815E-4 1.0756469540183864E-5 5.8712777669776926E-5 4.430169796778693E-5 2.9067976724077293E-7 2.4694240726379386E-5 -2.6984887824713782E-5 -7.717032301863408E-6 2.9163881444398826E-5 5.267211690565023E-6 -6.291766539791993E-6 9.544100006056606E-6 1.6202671960200907E-5 -3.2536383492512595E-5 -2.8853908482832924E-5 -2.4680462921783386E-5 -2.465345312039225E-5 -4.983453823454581E-5 1.2789697958048157E-5 -3.578869845543252E-5 -2.3666234379391207E-5 -3.683013442577765E-6 -3.885818220806473E-5 3.7738953308653206E-6 2.1595233132211573E-5 -2.6435124970397746E-5 2.023165945375799E-6 -1.3496455240551847E-5 -8.387214372595521E-6 -2.467592152255796E-5 -1.7463877846035994E-5 -2.3140327067546276E-6 -1.1044833253992699E-5 3.6880906772396305E-5 -2.5528468560896602E-5 1.1846617653711328E-4 -2.7088148682618066E-5 4.985253986390702E-5 2.8211520638650022E-5 -1.6557612041402745E-5 -1.904521285309678E-7 3.2098120507522733E-6 6.331059793631463E-6 -6.210379431549097E-6 8.907686372526796E-6 5.9542173248524136E-6 3.836817494444391E-5 -2.2556693781605915E-5 -8.376712816940066E-6 -1.2507347113053721E-5 -1.32500349269574E-5 -5.1657781051810125E-5 9.551788507888327E-6 -1.6581047956988962E-5 -5.085044660807503E-5 -3.1968689625907E-6 -3.1786990267243E-5 7.998378270947931E-6 -1.306174613915738E-6 -3.063749904019548E-5 1.9545504153182028E-5 -2.6250161689260736E-5 -1.1976303428114579E-5 -2.0910612012131798E-5 -9.47197371916654E-6 -1.381304088583779E-5 2.639365733464981E-5 -6.229016050459529E-6 5.086229243478433E-6 8.926388817639356E-6 -1.5149093369498223E-5 -7.735746669367861E-7 -1.563216070941953E-5 -2.131950959491022E-5 1.033920764384683E-5 -1.5106234644696875E-5 2.385618833101403E-5 8.181629226797736E-6 -1.8602319402118844E-5 2.723940719055653E-6 -1.3986639388570421E-5 -1.0732188624729393E-5 1.0292240212095294E-5 -3.8917651210856365E-6 7.030587349978867E-7 2.0230626507286575E-6 -2.2472839709585012E-5 7.105662313234293E-6 9.452245093619083E-6 -1.3555803448344044E-5 1.5529074625743105E-5 -3.7071056415470885E-6 -3.6348888306212725E-6 -1.2002461403177707E-5 -1.0312403030053726E-5 2.434764858220517E-5 -7.05042557514737E-6 1.3797643919346734E-5 2.5146288590356452E-5 3.654556326465239E-5 2.6157551107509197E-7 4.889383407971908E-5 1.7028998896654072E-5 8.913568191835095E-6 -4.991573497034347E-6 2.0621811920560913E-5 7.871062577057258E-6 -1.6745731991549924E-5 1.5305565742606587E-5 1.5806563602844236E-5 -1.5289227871738333E-5 -1.3535030757874395E-5 -1.839767911772849E-5 -1.3644376796564158E-5 -2.6529398209254595E-5 -4.115995732249106E-6 -1.3977393785092294E-5 -2.1300075390485226E-5 -1.9044214390702852E-5 -6.669262848663354E-6 -5.591120129918269E-6 1.0354508071900703E-5 -9.228943883185167E-6 6.595767073355654E-6 -6.67623980426732E-6 -5.684641111455748E-6 -3.847111702137956E-6 7.752726907888459E-6 -6.3830940939435706E-6 -6.263209417279149E-6 1.018707750225444E-5 -8.14386551893512E-6 -5.355414173810772E-6 -7.15148326530619E-7 6.628719939373584E-6 -2.644830720088852E-6 1.2540298135568003E-6 7.563618716414401E-6 -1.2819914692910458E-5 -5.570915461980408E-6 -9.982334193123438E-6 -7.900814761978292E-7 -1.0978400732906523E-5 5.40695862570606E-6 -4.900303803264186E-6 3.402140679810233E-5 -6.1258857753975285E-6 5.5003034342122545E-5 6.144819484796456E-6 7.4125268888244975E-6 -4.039684397375964E-6 -7.679771905470551E-7 -1.0507917674839424E-5 4.028277665400542E-6 2.3575430996794098E-5 6.916114056748461E-6 3.7200553210340204E-6 2.8799113919203857E-6 -1.4341089138140842E-5 1.3280791903084836E-6 -5.9880120956801E-6 -8.770280718983173E-6 -1.3474228940503138E-5 -1.1106841694259956E-5 3.8429121658879566E-7 -1.1250942246491744E-5 -1.9372707345242414E-6 -1.2460969032243715E-5 -4.408452438351557E-6 -7.448695576398306E-6 -8.265827075974903E-6 -1.9849382128949745E-7 8.808340135361623E-6 -1.2051876803813267E-5 5.9735064922691785E-6 -1.6677602851374604E-5 -2.5897849916457945E-6 -1.3711413580072334E-5 1.8205604081333437E-6 -6.265661725424329E-6 4.0788994167565915E-6 3.6737370421419894E-6 -1.3190117984607057E-6 -2.6753780996251197E-6 -7.094698550806199E-6 3.162725588433217E-6 -7.687106251938166E-6 4.450802804534032E-6 -2.825563443491653E-6 -4.5424110088827015E-6 3.280676892426478E-6 8.215510683536693E-6 2.931317185828888E-6 8.377641695797794E-7 1.2698468806397571E-6 -3.962147132616461E-6 -9.431368000746261E-6 6.035707462537059E-8 -1.948068100120475E-6 -1.5585886740106074E-6 8.643172141678535E-7 -3.7310104593437678E-6 2.4230255714554217E-6 2.554186484582106E-6 1.1000230829238912E-6 -4.156040931151215E-6 -2.4640157926689122E-6 -5.826680393479413E-6 3.7476915447286164E-6 1.4433205038050017E-5 5.603996637517056E-6 2.2178301333702E-5 2.7701643752950887E-6 5.259793122935029E-7 -1.549804378495447E-7 -3.430752467119768E-6 -4.514680560421336E-6 1.1164983366486253E-5 1.2556332440087983E-6 4.1015080244068917E-7 -4.354756902456218E-6 -4.452893466057924E-6 -6.687874117251792E-6 2.708019722056916E-6 -7.214007071523125E-6 -6.2213665383319605E-6 -4.347093179543323E-6 -2.8522414565659154E-6 -7.635205043526948E-6 1.0484726998606121E-6 -5.5465865851405316E-6 6.48105217609051E-7 -4.207573955878805E-6 2.543447369288349E-6 -2.9492441401659034E-6 -1.453189971363511E-6 9.657350024494353E-7 -4.935140755194249E-6 -1.5433125859185296E-6 -4.260840142579817E-6 -8.45042151279723E-7 -1.2247359428272687E-6 5.8373084046619075E-6 -2.832526883647852E-6 1.5789711717466097E-5 3.4280894202141617E-6 1.8101073290747787E-5 6.452003420439711E-6 1.0894827362955065E-6 2.72161927132716E-6 -3.5673147757488708E-6 7.265100080567754E-7 1.0301673126984377E-5 4.101942498433309E-6 -1.392872058987864E-6 -3.1396918506907626E-6 -1.1290029510496106E-5 -3.06854697754795E-6 -6.545566165710721E-6 -5.344552087662379E-6 -6.188302067088535E-6 1.0940509721474962E-6 2.1604765467155744E-6 -8.22198038756116E-8 -1.0977330705165414E-6 -2.7335608320498434E-6 -5.2356285739240576E-6 -1.3143408119880955E-6 2.644100317166463E-6 -4.161231045951065E-6 2.8439275783803024E-6 -4.673532381412678E-6 -3.6638071716316124E-6 -2.417402011776191E-6 1.7375686525909718E-6 -3.1068560139718444E-6 6.1648202856675336E-6 -5.727829681099941E-6 -2.611546115978522E-6 -3.427615438399102E-6 -1.6887495328277461E-6 -1.2082646719868478E-6 3.968302000003699E-6 -4.476459775276339E-6 1.2140143419337064E-6 -7.183812071533298E-8 -3.2379945580127785E-6 -2.5356155896867714E-7 5.28129773872928E-7 -2.147829008948164E-6 2.3887359793409797E-6 1.4280146186162546E-6 2.8530082996140694E-7 3.3224802620830792E-6 -3.3721526592796073E-6 -1.6044127081174574E-6 5.752226963480706E-7 -9.815631588926707E-7 -1.628431869255193E-6 1.5696817782463106E-6 -2.637147209747263E-6 -1.2234908769143235E-6 -1.8807410911831062E-6 -2.299896453655109E-6 -6.105393992530831E-7 -5.233203076172844E-7 -3.3786203221527014E-6 -2.3086667686286104E-7 7.189621789549592E-6 6.132094648323956E-6 1.0995087185850037E-5 1.4396485285059603E-6 -5.857215099823974E-7 8.470685913091196E-7 -2.2217659744968882E-6 4.877328083003772E-6 5.2451181295598125E-6 -4.062384106239751E-7 4.899517567950136E-7 -3.686111364991913E-6 -2.28341290664806E-6 -8.472468774563583E-7 -4.683503155225284E-6 -1.1458769924960698E-6 -2.781364302958662E-7 -2.6953115969334095E-6 7.693621772922451E-7 -2.072517704721367E-6 -1.0567935482410458E-6 -7.366803328202323E-7 2.0948528005120762E-7 -6.231298034314013E-9 1.265352203166719E-6 -1.4811483018416813E-6 6.618803284099404E-7 -2.7682411056410925E-6 -3.204687540721762E-8 1.633358191173895E-6 3.6436085855818916E-9 -1.812739851334618E-6 -3.2911708588287056E-6 -2.7227742189614348E-6 -1.0257237756165186E-6 -1.5155025701452237E-6 -2.791894970243674E-6 -8.426980261601238E-7 7.218090558698477E-7 -3.729162704364797E-7 4.574987824098914E-7 -1.4103031621098654E-6 -6.062826775047768E-7 -8.719825014743285E-7 6.414881767813439E-7 1.2334759346910784E-6 8.517807871842001E-6 7.1027282333797274E-6 1.1537973339209031E-5 7.983618005200869E-7 4.400082460917325E-7 1.1049017023529025E-7 -7.523567187254902E-7 6.0658922617134385E-6 2.242053734746914E-6 -9.559047951064798E-7 -3.400377055043954E-6 -4.344185088509824E-6 -1.8198803343391894E-6 -3.7468103084353148E-6 -4.828933467129943E-6 -1.2631680016825437E-6 -1.9339356173456125E-6 -1.2756630880441256E-6 -1.5064805381779568E-6 -2.2881964090193407E-6 -2.0233101333571235E-6 -1.457507220930035E-7 -1.2563734632389475E-6 2.0336739373755502E-7 -1.6264815946759911E-6 -2.9578285762667266E-6 -5.548293523436319E-7 -1.0918293352891843E-6 2.2262148704584235E-6 -3.4895254852665945E-7 -1.9876492431581566E-6 -1.475901254020329E-6 -1.8956960269425377E-6 2.5050302654178614E-7 -1.0013377680234432E-6 -1.6422906426882974E-6 1.0789579361242555E-6 1.2665900070980124E-7 7.945282485455796E-7 -1.1438550451431677E-6 -1.032040343594933E-6 -2.33134584882148E-7 -1.0352399846798668E-6 1.8346963371328217E-6 -1.080452899821253E-8 1.3686851788418503E-7 -1.1440336024234844E-7 -6.308536484724654E-7 -5.217344412873724E-7 -1.1282605729532496E-6 -3.9189518898631007E-7 -4.801691606078529E-7 1.5515966712389734E-7 -2.7388801444722913E-7 1.808720729607079E-7 -3.794813438427996E-7 -4.722507555494134E-7 -6.254555373562648E-7
0.0 0.0 0.0 0.0 0.0 0.0 0.0 0.0 0.0 0.0 0.0 0.0 0.0 -9.417983906582597E-7 3.958388750087399E-6 -9.235509519392542E-6 1.6956494600314818E-5 -2.732003838962677E-5 4.0524000124367314E-5 -5.678769752469985E-5 7.6334862816063E-5 -9.941950603041332E-5 1.2631055064234623E-4 -1.5732131422550662E-4 1.927988461622486E-4 -2.331586640529129E-4 2.788833162184431E-4 -3.3056700928793764E-4 3.8893174263326973E-4 -4.5519727425596366E-4 5.308899854535836E-4 -6.175895825478602E-4 7.173670432185932E-4 -8.330277260316669E-4 9.68447444433519E-4 -0.0011291700214829505 0.0013233851967571109 -0.0015637464259682108 0.0018708267321362493 -0.002280537941061593 0.0028616428044980925 -0.0037642908903464324 0.005391008529919094 -0.009313766263090977 0.03407869599269224 0.016931778469093654 -0.011055857950777487 0.0012691490301968353 -0.0063979062995600106 -7.370795647668182E-4 -0.004748691965872659 -0.0014107469310455367 -0.0036872251657847632 -0.0016867748425768991 -0.002806688564588017 -0.00184578141630376 -0.0019363095397270935 -0.00210604632809 -7.83664584251692E-4 -0.003194851354852035 0.003684489416793363 0.014335325912899849 -0.006244256973904017 1.0179584181857493E-4 -0.003851920632852973 -4.470947581586282E-4 -0.003086094327031136 -3.660600468374797E-4 -0.002709561916625386 8.52568299754275E-5 0.012560051481093043 -0.001394098724860876 -0.003238287004957624 -5.826839823180052E-4 -0.003517972121928725 6.171422700985696E-4 -0.00505593488020778 0.008241463513506214 0.005693197614697332 -0.0040132443062572964 -0.002102173544136915 0.00304245552017246 0.0015730829888558895 -0.003811931508781591 -0.0010768877637035434 -0.002358027099146731 -0.0016099928205695058 -9.685263550036072E-4 0.004958500304868635 -0.001967079625425472 -0.0027531036836014044 0.0082931113051391 0.0017067986694361548 -0.0042008824759787455 -4.98301370065013E-4 -0.0030985131687280287 -5.625476132623819E-4 -0.0026555487369887276 -2.0728109456405464E-4 -0.002848301036356332 0.00483145595169257 -4.2806085956414996E-4 -0.0014947143932051155 -0.0013604621028942138 -7.753230820061324E-4 -0.001610246500321752 0.004908615374817571 -0.0012585978613602333 -5.517044612973615E-4 -0.0023966508291488747 0.005741799124352132 0.00819447339679942 -0.0028467042556113153 -7.978633854150013E-4 5.386185475574068E-4 -0.0016734901329941432 -0.0018253140131393591 -0.0015851866184591196 -7.260379189138744E-4 0.0013235965822921275 -0.002525418609583524 -4.3168740079517487E-4 -0.0018792574357719416 0.0049237953022589764 -0.0036338996630945197 0.0028340468830769933 0.0052530688802571585 0.0022862372938161762 0.004781224014126284 -0.005577047638668897 5.854039932666755E-4 -0.004893515487545186 0.003695395556852943 -0.0015746111867628587 0.006285848541564998 -0.0028446174487045395 0.0024858039507654472 -0.0029090764816472603 -3.561949047537205E-4 -0.001885998430226965 0.0014221472040538974 -0.0012077259983485633 -7.770114785665416E-4 -0.0013541662873052807 -5.753992985932377E-5 5.074285851145166E-4 -9.229760735985915E-4 -0.001240525639146145 0.0014512579971134865 0.0036714354357132717 0.001082306046403525 0.0017639021222326245 -0.004293650438189939 -0.0011649555746956752 8.265243154953472E-5 8.395385420192081E-4 -0.003710729318353534 -5.031258518103654E-4 -0.002992271383264522 -1.5073260466927363E-4 -0.001815095121971727 0.0026521650037865385 -5.294456382756163E-4 -6.802488924769756E-4 -8.633483121805174E-4 -0.0012873611808853214 -0.001150151442626146 -6.20499286734924E-4 0.0025397580795065294 -0.0012815294918432918 -8.32690868168437E-4 -7.578545927465624E-4 -9.525925581905376E-4 3.9928884497114625E-4 0.001051921764368094 -0.0014621617039369678 9.453915229823279E-4 0.0011246739068573597 0.0022479245212767285 0.002513971754649097 0.0032888229851851802 -0.0020381985205175507 -2.8377477771207582E-5 5.533211947613692E-4 -6.357125884128706E-4 -0.001774563042930305 6.330478989743926E-5 2.2546434943787608E-4 -4.135978546760122E-4 -0.0013930638382486649 -3.7455776393532925E-4 0.0015838069657987675 -9.674950765644341E-4 -0.0012028332051283452 -1.7581948156647487E-4 -4.4551337325000884E-4 0.002074046019071213 -8.868711368587301E-4 -7.51053081559136E-4 -5.707353067403026E-4 3.592153229290823E-4 9.129066207169689E-5 -0.0011824691343325922 0.0014449151296106744 6.44538986795215E-4 7.606505088798149E-4 8.146281129072924E-4 -4.4877061205672586E-4 0.0013968371238550908 5.124321850349112E-4 -8.412660911007314E-4 -5.582704779085873E-4 -5.926930783553414E-4 -4.858783137638989E-4 -8.051433384591161E-4 0.0012930033011376713 -5.04431169291622E-4 -9.081901954050009E-4 0.0014790577753913958 -7.857573471288098E-4 -1.3935459017067053E-4 5.316559400433962E-4 -6.955724980344108E-4 4.814886967390297E-4 -6.37790735393759E-4 -4.0230115267549105E-4 0.0014223765342253336 -4.956908622347211E-4 1.4739121293974589E-4 0.0012539436282838212 0.001896713360268712 9.365421262630402E-5 7.842123220127839E-4 -6.805646255045733E-4 -3.997857605616689E-4 6.663987611705696E-4 -0.0015249212698617565 9.410576988278657E-4 -0.0021282411891202363 0.0029206995333257574 0.0018157714174474593 -0.0016029615097214595 -0.001123980008701314 2.7848578390424206E-4 -7.410219359239856E-5 -0.0012309657755123632 -8.532727552294922E-4 -8.515548562772479E-4 -4.743172278931229E-4 -9.220016360111244E-4 7.122525644075867E-4 -0.0012941112670539073 0.002503818157247678 -6.254546779851794E-4 -9.279423584732382E-4 1.9887583205574488E-4 -7.8359223671845E-4 -5.139240155599134E-4 2.0178057293347706E-4 0.001446320254845368 0.0013426469372838923 -0.0011395241795928712 -1.2374398970622924E-4 -7.921632904145937E-4 -4.6746388502104386E-4 -3.5512743736190733E-4 -4.2771660574920933E-4 6.403000594430996E-4 -1.91657562750025E-4 -0.001031969720131365 2.763646378097784E-4 8.551777868759519E-4 -5.227888150778764E-4 -6.434319416590839E-4 -1.484178321708371E-4 -7.608959014590161E-4 3.4081917580209425E-4 5.679640982216155E-4 -3.108850791645329E-4 3.923883712027981E-5 -5.579698773367364E-4 -2.0942100540457392E-4 3.4862616488438164E-4 2.6433637641499336E-4 3.345590905383597E-4 1.7817993049924763E-4 -4.6904382064316685E-4 3.27282192878961E-5 8.51251921682436E-4 -3.1445709652882375E-4 2.972086717964728E-4 -7.039851511223758E-4 -1.9654833476876604E-4 4.6921259248940833E-4 0.0015393371114673995 -5.06975828769303E-4 6.422489142034263E-4 -4.1410222526714474E-4 -1.0155229837439939E-4 1.0506768547163814E-5 1.6719735357840354E-4 9.124346412895668E-4 -3.7870885216127054E-4 -2.181299970873546E-4 5.453398149090419E-4 -2.0112553293860636E-4 -1.3764616607470082E-4 -2.677044543605636E-4 -2.3661663321793147E-4 -1.3812191990106998E-4 7.272231433396587E-5 7.017622915317448E-4 -4.489965011452435E-4 -4.365017588843917E-4 -2.7212908299109606E-4 -8.90818671927529E-5 8.495916531243985E-6 8.296370543208545E-4 -6.202800098611544E-4 2.2661989470983135E-4 7.524520682235247E-6 -6.54560934705152E-4 -2.240033694842769E-4 -5.074494478397376E-4 -3.322345839716634E-5 -1.774222535748729E-4 4.738117019427862E-4 -1.2878081175377032E-4 -5.343660681078194E-4 6.621900030399225E-5 1.1141259622902272E-4 -4.1710160912201283E-4 1.8968484160650223E-5 -2.9376044460374673E-4 -4.249183763703479E-4 -9.657643133324095E-5 8.126258752626236E-5 -3.2204378448441595E-4 -2.650355992830644E-4 3.148520778474134E-4 8.85262766922093E-4 4.4051862318914004E-5 2.8407937059937716E-4 -4.806438510106259E-6 4.800269093191423E-7 2.5821555563866616E-4 1.727054798060096E-4 -3.0402392940637873E-4 -3.947922903376616E-5 -2.620844991946675E-4 1.1605892115650052E-5 -2.753547996157124E-4 -2.590149043280032E-4 -3.140330627200427E-4 1.3680327131165154E-4 2.9089245268690625E-4 -6.336347586432742E-5 3.471211389252382E-4 1.9487741587477167E-4 2.2594654605593775E-4 4.7601888641852705E-4 -2.1506925984779435E-4 1.094009455881971E-4 -2.2953514213164272E-5 2.7602178637710362E-5 -1.7948398960417056E-4 -2.735010179642297E-4 -2.2946994540087168E-4 -6.541568111945867E-5 -3.281694538717489E-4 1.640897839556843E-6 -1.7033294823778217E-4 -1.1405173229646695E-4 -1.5124638412765401E-5 -8.293951191553142E-5 1.2003898579470568E-4 4.120903004703781E-4 5.202048224168393E-5 3.435794280573501E-5 1.3630714135096436E-4 -1.9335778937111525E-5 -3.4370238947162984E-5 -4.1291578575400334E-4 -2.5053910516877748E-5 -3.382894935774483E-6 -7.936882377948193E-5 -2.4685389365224075E-4 -5.772250883419316E-7 -1.147027082527459E-4 -4.297902362111056E-5 -9.969914249153417E-5 -1.3782057209476423E-4 -1.7974944566852627E-4 2.753942672808901E-4 -1.1566457624073018E-4 -1.6184324591831875E-4 4.939199483877423E-4 8.556122355544982E-5 -1.2690211118982636E-4 -7.033439492801566E-5 3.534295558846323E-5 5.409183449447061E-4 -2.967193831710756E-4 2.1085904725451007E-4 -3.7823880045216585E-6 5.661462662829783E-5 2.1621461230517114E-4 -1.5682391134047222E-4 2.3892977242145896E-5 1.1453095084008186E-5 2.2011254252657722E-4 -2.022454058984123E-4 -1.8443223120722177E-4 4.571895681326141E-4 -2.782551226233228E-4 -1.2046608133853623E-4 8.277121266193899E-5 -9.153908717958112E-5 1.2681865564807826E-5 -7.913131043545477E-5 2.8346379039198566E-4 1.1816884446514894E-4 2.6440970668666075E-5 -2.7636304048291385E-4 -1.2536532909837583E-4 -9.101092498762023E-5 -7.403694536984792E-5 -2.3203781035772628E-4 -1.1587063753686414E-4 2.460133028482636E-5 -1.6015848694476975E-4 -9.604026049597758E-5 2.8322552754433267E-5 -1.7655109038379815E-4 -1.4870015961866712E-4 -1.3557986034198194E-4 1.852010357937875E-4 -7.192308315897428E-5 4.559612465397482E-4 1.221104061940731E-4 7.061050438553554E-5 1.5578989620526618E-4 -1.2962483376937478E-5 3.749705029026766E-4 1.850221984383421E-5 -1.859067582655645E-4 -1.6103259867691552E-4 -1.518117453809184E-5 -9.77586158038661E-5 -1.3589166623704033E-4 1.5460789594471877E-4 -5.722521097435707E-6 -2.791980428053231E-6 1.5674789371873665E-5 4.5204337265358427E-4 -2.031833437442926E-5 -5.914941464379292E-5 -1.8826353233960744E-4 -7.346719762518772E-6 -6.8459897473519E-5 -6.236348046599269E-5 9.64193894045437E-5 -2.0958001340522225E-4 -1.5878983222621795E-4 -6.0646865960075486E-5 1.524215373671159E-4 -2.054354605860592E-5 -9.296228375600332E-5 -2.2756376328599004E-5 -9.333063963462909E-5 -9.493492809292334E-5 -8.581093775037255E-5 -6.607654445812267E-5 -7.542147849718545E-5 -3.316245403413992E-5 1.234104043301605E-4 -9.75537085116246E-7 -9.103229132368003E-5 -3.18646140941032E-5 -2.5640991720211545E-5 -1.1464820344525388E-4 -5.126379266890378E-5 2.566300952076654E-5 1.1561255672033408E-4 -7.648998532983238E-5 -7.891785465586297E-5 1.922074036401697E-6 9.756487448497018E-5 -4.223276439621615E-5 6.844231815877899E-7 -6.426279014282513E-6 4.9757850058538416E-5 1.688426486911275E-5 -9.984995400114105E-5 -5.9954262646566905E-5 9.58495701164526E-6 -5.174252367031243E-5 8.577474336057649E-5 1.01148577236412E-4 -7.72383807269069E-5 2.336588736904545E-5 -4.342957344690736E-5 2.6752823652242616E-4 -4.3582650519636765E-5 9.411032779262259E-5 2.7025707814019168E-5 3.210963439597217E-6 6.10619394847238E-6 1.1830176016143501E-5 -9.618635135907536E-5 -6.203038468017945E-5 -4.9163692227927394E-5 6.45588788977438E-5 -3.8075591743550255E-5 -1.2579120525153635E-4 2.2808563602339307E-5 1.9197376890852692E-4 7.228563811486309E-5 -2.969035598539109E-5 -8.925688570131894E-5 5.534924790386378E-6 -7.206080534022385E-5 -1.0853654219151326E-4 -8.470504914097864E-5 -6.685586544901909E-5 -3.982848625543739E-5 4.0841446742974005E-5 -6.977369249258798E-5 -3.919066621772306E-5 -2.364970930125894E-5 1.2965482676885638E-4 -3.838945651393061E-5 -4.785173287172144E-5 -7.149982178947245E-6 -1.954634934268982E-5 -2.1854671070004224E-5 -1.2992293517352649E-5 -1.465196892182219E-5 -6.360948261639743E-6 -5.432009516013244E-5 -8.67326279404678E-6 -3.663737345792166E-5 1.4417415575235584E-4 -6.66130511622464E-6 1.633777175434354E-5 8.926633372054703E-5 1.9858002071676366E-5 -6.564113850495747E-5 1.9362951591027876E-4 6.753432113590363E-5 4.0211844869024634E-5 8.417990241382095E-5 1.0465457831790315E-4 -5.4627783973180445E-5 -1.8834143457038474E-5 7.3202092589815665E-6 -8.440167110617194E-5 9.020256692747388E-5 -9.075174284658202E-5 -7.295461392217185E-5 1.5745281606794823E-4 1.6353135661381635E-4 -5.515818510922789E-5 -1.1578914792099645E-5 -5.9664858768109647E-5 -4.613947227367042E-5 -1.2754336058049508E-4 -6.464359940520567E-5 -6.856321585637683E-5 4.5782373921729805E-5 -6.562923296919015E-5 -2.9578435733495015E-5 -1.1799353994314601E-5 -3.5157206910951116E-5 3.07386445362115E-5 1.97273039130811E-5 -4.715836045269227E-5 -1.0314520501776211E-5 9.404141886325788E-6 -5.2225116709042965E-5 -2.053272031376542E-5 -4.9384872024225805E-5 -4.449866895373661E-5 -1.0667895591741187E-5 -2.8979207657610015E-5 1.6689812366792178E-5 -4.592521466958467E-6 3.897474670625737E-5 7.514078957294827E-6 -3.746912002355624E-5 2.5569334583148973E-7 4.716518236957262E-5 -1.947040590001732E-5 -4.871999522419734E-5 7.954233009285598E-6 -5.31242871646383E-5 1.9931329645903398E-5 2.1019372622438706E-5 -3.649987909610554E-6 1.18837769144068E-6 -2.9500122989327936E-5 -2.2151872606696738E-5 -1.2905253976167909E-5 7.2943756238312216E-6 -1.5430573370948247E-6 -4.755519089827062E-7 -2.9474255403112975E-5 -3.957340280422942E-6 -1.956150203547176E-5 -1.2102718801004775E-5 1.9721568357250908E-5 1.2085581236282415E-5 8.549118890120808E-5 6.746238953717282E-5 3.921922486042071E-5 1.15087388000059E-4 2.583124246615092E-5 -4.854186217548382E-5 -1.0058947237767246E-5 -3.257940637632628E-5 1.2871603435167522E-5 1.0179073721214814E-5 -1.269356580157685E-5 8.354191630784765E-5 4.1750080456356975E-5 -3.0356162397452736E-5 9.423059103447554E-6 -2.826516727888473E-5 -1.6506833424102633E-5 -7.237135521443415E-5 -2.7822902711105782E-5 -2.3361931392965746E-7 -1.5984740076233073E-5 -3.204558490434509E-5 -7.786045017706654E-6 -1.4080587596691438E-5 -2.8095227341817797E-7 -2.7399784506225607E-5 -1.250592764577823E-5 3.9158571841762385E-6 -2.6601823059321447E-5 -1.1212042311198843E-5 -2.6340685919628952E-5 1.2509013310405687E-6 -1.3913407603790943E-5 -3.330046163728395E-6 -2.538090118743737E-5 7.850326780021273E-5 2.404940386018439E-5 3.1812505061264065E-5 3.1627160607487596E-5 5.63701273618546E-5 -3.167084302411506E-5 -9.009823727216572E-7 -2.299056156772469E-5 3.0038940050440728E-5 -1.2089982913794477E-5 -4.154779530092523E-6 7.34890203209675E-5 -7.371510272370305E-6 -3.67450601659481E-5 -1.9886732013542872E-5 -3.100148182271379E-5 -1.8042632153973497E-5 -3.629700434815489E-5 -1.6466802484396345E-5 2.2256088889373304E-8 -4.048897954473003E-5 -1.1730841138172729E-5 -1.9470051627104232E-5 7.356413500113519E-6 -2.1588068928451824E-5 -1.017016554706509E-5 5.617049940010756E-6 -1.8195125027124E-5 -1.5938739390836815E-5 -5.320545538357608E-6 -9.681485081885783E-6 1.8024104301192414E-5 -3.912113988224254E-6 1.5291464245024543E-5 5.429728844680293E-6 -9.571617544287293E-6 -1.033602604436773E-5 3.2717241243941306E-6 -1.816818886443824E-5 -7.229867782641841E-6 -5.959240043519609E-6 5.607964556323189E-6 1.9130496100097216E-5 -1.4885590515978202E-5 -4.207258100078631E-6 -8.271043985336873E-6 -1.5084752759939295E-5 -3.787076592411554E-6 -7.081966746506126E-6 1.4619300324938533E-6 -6.1964144424681705E-6 -1.8101906430840944E-6 4.5770812953161485E-6 -6.405020217708926E-6 -1.2790631506640103E-5 4.16710020049592E-6 9.447379786333993E-7 -6.659915422131332E-6 7.731823190632817E-6 2.0491818914390378E-6 8.260248422258627E-6 -1.0139839814710117E-5 2.8125427922573833E-5 2.192337087618488E-6 3.6143231006774456E-5 5.10494870692975E-5 2.5855057487091234E-5 3.96653154854413E-5 -9.888225401378115E-6 3.2267153849056644E-6 -2.2417613736013236E-5 1.4998214327667384E-5 2.69105191105074E-6 5.022183577532225E-6 3.3462175303694466E-5 -2.2761207719928546E-5 9.721185573576766E-6 -2.2933911778160072E-5 -2.8622128898329793E-5 -1.497971159538855E-5 -1.2538728862277696E-5 -1.1702699294603713E-5 -1.1821764510716853E-5 -2.704919684984059E-6 -7.6150255353506224E-6 -1.1712779958901378E-5 -6.910400244409393E-6 -3.2326895135722546E-6 -7.302623256947183E-6 -7.0348594495262505E-6 -1.0935337060929626E-6 -8.20537158481181E-6 -1.0768945799448284E-5 1.5708986402596884E-5 -5.8937669782500954E-6 -1.3432864512743798E-6 -1.1255800645363755E-5 -7.434894966937104E-8 -7.256082262744115E-6 -1.1053166659967745E-5 2.4105864026001747E-5 -1.407919330811188E-5 9.165458939635425E-6 -5.408467568687476E-6 -4.012070644445875E-6 -1.1112075305028894E-5 -2.0416880611596327E-6 1.0658683803400383E-6 -5.981908789686689E-6 -2.5666952780235928E-6 3.2132809561678365E-5 1.6394259198706856E-5 2.387841893664814E-5 2.0940424520790374E-5 1.8725092817283191E-6 -1.2754997457869142E-5 -1.176246500438679E-5 2.6058028552816172E-5 -2.055083015697857E-5 4.326773148552801E-5 1.2277594043773581E-5 -9.934049989973387E-6 -5.429215118140903E-6 -1.1203636278257073E-5 -9.504662942449874E-6 -1.3053673726456634E-5 -1.5831906648186653E-6 -1.966987956997495E-5 -8.235671660587925E-6 -8.712912441104573E-6 4.841106181563762E-7 -5.35801731039098E-6 -4.886395771647178E-6 -4.455505477062548E-6 -7.454738850157976E-6 -6.317554874116097E-6 -2.040707412637394E-6 7.612663133221235E-6 -1.1222634968229873E-6 8.702303651802676E-6 -1.4021040155676005E-6 -4.828151758674761E-6 -6.444903348945541E-6 -4.897686895939668E-7 -3.271054755406592E-6 -2.3291424539519795E-6 3.3391500274496545E-6 -2.5376600584453395E-6 -4.96867349316049E-6 -4.752297372790466E-6 2.137730740680785E-7 -3.6673313097541037E-6 -5.009319069596962E-6 -1.792919659590695E-6 -9.446684763401558E-7 -4.846400369603113E-7 6.033624766247974E-6 -3.4391030486200305E-6 8.207365174043874E-6 -1.0952752125115714E-5 6.507155477331094E-6 -8.439812597976271E-6 -1.9727613574864293E-6 -4.640409549414655E-6 2.8401509855365123E-6 -7.760084623842974E-7 3.5157522096028156E-6 -6.907700672494641E-7 -6.019116403630019E-6 -4.227660331351216E-6 -6.149906760364492E-7 -1.5595567165837924E-6 5.029974870002685E-6 -1.8727245093614524E-6 1.6777296034237318E-5 6.712055859949017E-6 1.6909685438506908E-5 6.04823665693486E-6 -2.2988664805102506E-6 -1.1424612088633689E-5 4.451690732604186E-6 -8.077228891301201E-6 1.3948303011529777E-5 1.6940775669631943E-5 -1.0984951259568744E-5 1.4827144573457398E-6 -1.010524323238535E-5 -7.24587445417597E-6 -2.1040099383559706E-6 -1.4836003662180427E-6 -9.1054055694627E-6 -1.181299323785973E-6 -2.007363358262691E-6 -6.022147305690382E-6 -2.54590813319913E-6 -7.585014411887973E-6 -4.48926652200476E-6 -2.035396994961268E-6 -1.0966424057667293E-6 5.5139652107573075E-6 -7.516684285333421E-7 3.1398057439228477E-6 -3.2973035538253924E-6 -4.313963760973734E-7 -5.16639517048566E-6 2.881704710154748E-6 -5.601793966388772E-6 8.36816592459798E-6 -4.565442878822043E-6 1.3380420902391293E-5 7.5728061351016665E-6 1.2114303106649615E-5 1.009436676353728E-5 -9.406863025059834E-7 -1.1546018803663461E-5 4.10327915163712E-6 -4.222046152247078E-6 1.3189691582024651E-5 1.646003814948394E-5 -8.70381358450249E-6 -2.0518292758246433E-6 -9.838276244497624E-6 -9.428615990671684E-6 -1.4287882736004065E-6 -4.212713423658548E-6 -8.204024946401869E-6 1.0083989082999888E-6 -4.868072677411393E-6 -3.1846704280210844E-6 4.007818282289466E-6 -4.4118289874269445E-6 3.5796668863374674E-8 4.697943620470728E-7 5.482309502239605E-7 -2.6509340888446675E-6 3.91545402660023E-6 -3.971899656172225E-6 7.901528945070298E-7 -4.3093433178700933E-7 -4.883355203708583E-6 3.7534796837877023E-7 4.754181796188931E-6 -4.098477226033553E-6 -5.140307149376945E-6 -3.8480500679876056E-6 -2.6563764271423556E-6 3.5248446534064375E-6 1.784438324146302E-6 -1.7995206728636847E-6 1.039104180140197E-6 -2.1809799755805655E-7 -1.2751334618024994E-6 2.7756137536004595E-6 -3.89845081542222E-6 1.4251246253141857E-6 -5.543497177463476E-8 -2.5663683826677563E-6 2.326383639258251E-6 -4.302952843636323E-8 -1.5192342675170167E-6 1.5661864568533666E-6 -4.4206443647229715E-6 -7.797676395388626E-7 -2.424947375034923E-6 -1.5303550137546343E-7 -1.23348771547744E-6 -2.147234056445156E-6 -2.4336686842131258E-6 -1.2549344776111352E-6 -6.369540299438971E-7 -1.3860060042805993E-6 -2.4994269723594234E-6 -3.0793965043175134E-6 6.536447798738702E-6 8.103862483657654E-6 7.683811105719618E-6 6.452869820732909E-6 -4.0873072691853594E-6 1.6387542306917774E-7 8.473316897200157E-7 2.015923979490535E-6 9.633433741459247E-6 -2.91549011843242E-6 -7.255156234209446E-7 -4.666864054651029E-6 -2.360093324388715E-6 -1.097807030993824E-6 -8.064263411299401E-7 -2.9029516885889853E-6 5.828608664335336E-7 -3.9385044159164135E-6 1.286756375577379E-7 -2.778940920012687E-6 -1.0898210522076296E-6 -1.2744123547416084E-6 1.3904086973480305E-6 -1.3349047603400778E-7 1.8603826923055378E-6 -7.1743167616656E-7 -2.4583761603003866E-7 7.140714935418473E-7 -5.135702623595777E-7 2.9153230995135424E-8 1.6108575057516609E-6 -1.9402536568613286E-6 -8.578917864409123E-7 -1.3963089599556807E-6 -1.9974642624621345E-6 7.02013974763127E-7 -3.192556129705986E-6 -1.332945749129232E-6 -2.504322220923136E-6 -1.2570481352695926E-6 4.559404963436274E-7 -5.141860262013491E-7 8.741848665780923E-7 -2.1929854327417363E-7 1.628038676394219E-6 4.501485520049366E-7 7.802945159991238E-6 8.659408885709633E-6 6.4694575606435035E-6 5.158430498579554E-6 -5.025901807169874E-6 3.2463698277025764E-6 -3.884262912953783E-7 6.1562292847435894E-6 6.7244346301196536E-6 -5.965242746402597E-6 -2.004768329996688E-6 -7.234132652316654E-6 -1.1485959613832396E-6 -1.9515529850431547E-6 -4.0071015101923865E-6 -9.926583803583763E-7 -2.6670625264468904E-6 -1.8941047866280025E-6 -3.2378668802252194E-6 -3.2004479465486927E-6 -2.5946306403669905E-6 -6.821174855907593E-7 1.0722789513415375E-6 -3.825592271336194E-8 1.4885590782687166E-7 -2.1591290839796206E-6 -1.40336944706612E-6 -1.1103573889587807E-6 7.517589011475515E-7 1.8927138109859883E-6 -2.89268169323696E-6 -2.4213917123794477E-6 -1.8940231286365444E-6 -3.567286729726769E-7 -4.0280510562251074E-7 -1.9919320817070795E-6 -3.877445140995899E-8 -1.3347154749485178E-6 1.393874370588064E-6 -1.8405251314416635E-7 7.967458253340114E-7 -8.765773328991489E-7 -9.687293707021354E-7 8.3624949195733E-7 1.0140565220582748E-7 1.4841336838121498E-6 -7.189707265736159E-7 -7.565466868217927E-7 -8.36408955782775E-7 -2.177600672004774E-7 3.1448297305590087E-7 -1.0100844898046845E-6 -6.73368919403705E-7 -1.1625317337948804E-7 -1.0504829516414589E-7 -3.184985498612175E-7 -7.967285326734895E-8 -3.1462320587775624E-7
-4.532871502474683E-5 7.081396835472299E-5 -9.578625286076124E-5 1.3196593010648004E-4 -1.687330890595368E-4 2.1720239625912414E-4 -2.6767859086074725E-4 3.304578531619287E-4 -3.970473301251274E-4 4.7686338055412717E-4 -5.628480046938121E-4 6.636396861031255E-4 -7.738765839828631E-4 9.017411486547354E-4 -0.0010439959815580699 0.00120907699245604 -0.0013967829370251025 0.0016173841668670266 -0.0018759872677000192 0.0021883239348732186 -0.002570964042506856 0.0030581476365643743 -0.003702721442828516 0.004609386234060694 -0.0059951538199624005 0.008418662296891297 -0.01385177020719507 0.03808499643161142 0.046306536015019786 -0.020933659129742044 0.0036319330465520994 -0.011512129577435581 -2.049722461756609E-4 -0.008660499017190237 -0.0013362432316267048 -0.00702287313705946 -0.0016402239567201438 -0.005832888142578374 -0.001576150060357162 -0.004887869271654632 -0.0013175081852090376 -0.0041267775854959 -9.365523919600549E-4 -0.0035451375566293852 -4.453437058137555E-4 -0.003189857934363438 2.3388099205898238E-4 -0.0032597492839784026 0.0015612453882654365 -0.0052487272397713225 0.018403802480830345 0.00413944451172818 -0.00461688959198539 -6.368953315839254E-4 -0.0026645688006526336 -0.001251617296375157 -0.0016717626691930554 -0.0016246443041691983 -5.521246340229324E-4 -0.0027659746369155247 0.003907321747186443 0.014735504094950613 -0.006264669410712104 6.251263739364965E-4 -0.004030903201479252 2.1549641039600442E-4 -0.0036203052753030485 8.629100621303787E-4 -0.004817893332129869 0.013073668794309212 0.001940357206853191 -0.003638318324760248 -0.0014723538595976804 -0.0014910146028944138 0.006531289109825811 -0.003972306775194473 -8.5748664076013E-4 -0.0030277559587532366 -7.395622055271778E-4 -0.0027150856763547004 -3.185910866084496E-4 0.00440098731621319 1.240689507619186E-4 -0.004655614594966828 0.008998090637160838 0.002989271482707695 -0.004120987122838177 -0.0010582172781150312 -0.002549762037481612 -0.0014207924255535131 -0.0017867982279266559 -0.0015297850659908852 -0.0010274729396228532 -0.002077041684383385 0.00441823167829386 5.13329792173195E-4 -0.0021633159005302327 -7.593109147651517E-4 -0.0012345109681740907 -0.0013415603447579777 0.003952529406348257 9.275771755233586E-4 -0.002473479323020375 1.8794668898249045E-4 -0.002414052263409197 0.0022792516288430986 0.003069542837660616 -0.00243635355796 5.149694691003182E-4 0.001388037169119699 -0.0018103253811590087 -4.0898429353021515E-4 -0.0016338481894926787 6.252249661325149E-4 0.0012917937232307108 -0.0013259986154695036 -6.813700537227907E-4 -7.54174363023094E-4 -7.437677323248598E-4 -4.7914970706409987E-4 -4.2722872332355555E-4 0.016228349066594747 -1.7087140322376987E-4 -0.002199817883591512 -0.001663297190086635 -0.0014568028375502723 -0.0019458155439013025 -5.128447574255929E-4 0.0024733322173886296 0.0025713089365520386 0.004247388012488459 -0.004879331170866405 7.306393914198323E-4 7.932163015241245E-4 -0.0012267254468008582 -0.003261532997662936 0.003502174233212585 0.002133405949392042 -0.0017631288928058875 -0.003133240195518111 0.0019203209355694861 -6.978711681381866E-4 -0.0017630923536675058 -0.0027378326220404425 0.003098899508007291 0.0067947825903755255 -0.0012902643612325293 0.003350594254926814 -0.0031598208947968 -0.002431635689363193 1.4921744559839856E-4 8.21885582984988E-4 -0.0030614863511410906 -0.001660540080384243 -0.0018391245723571037 2.2170375153479638E-4 -9.378217329935878E-4 -1.0772750852436341E-4 -8.536144117262112E-4 6.754563580593786E-5 -3.490095211826916E-4 -5.62581983693522E-4 -0.001976031332757172 -6.253431240997309E-4 -0.0015614583815529437 -4.3511944384361234E-4 -0.0014064273800242777 0.0014031769877421996 -5.553620635172785E-4 0.0032509273131301197 -0.0011976579479734267 -5.029413621397E-4 -0.0011042296040591343 -1.264392813072751E-4 5.568832816892494E-4 0.006286080528800142 8.008965642145177E-4 -0.0018095835910024588 -6.158250399149051E-4 9.098921067080268E-4 7.697635390886137E-4 -0.0011065650514685554 -0.0014799580015350533 0.001476763755150129 8.988354020991601E-4 -0.002425332847144371 0.0011163498824956625 0.0012209996929272576 9.048749445228488E-4 0.0026215033521339443 -0.001798852324592412 -5.321142400842443E-4 -8.773530940224816E-4 0.0017920433832031846 3.214513900730298E-5 -0.0014464534955427877 -5.563509437861991E-4 0.0012804558912205555 -0.0010465714301454293 -4.5261943973567975E-4 0.0016874796443151624 -4.3751041265344126E-4 -0.0010224340885255784 -2.628502609380162E-4 0.0011129154633918587 0.0014586371266222947 -0.0015923311424167058 -8.463533740323687E-4 -7.336304661335058E-4 -0.0016284044845667756 -2.6400124818286297E-4 5.601588964330301E-4 -4.687970227588989E-5 -0.0011841665244880506 -6.01222009363786E-4 0.0020688880527652415 -0.0012479377064218422 -9.2826622627043E-4 -1.1006645951401606E-4 -4.7523124647010084E-4 -6.337107704946082E-4 -7.509690428074561E-4 9.497432882597523E-4 9.980470873200142E-4 -1.7224191127369892E-4 -3.472953204586293E-4 0.00259355253080798 0.0015153769401491102 0.001875550842681109 -3.630886073896916E-4 -1.4400707557288284E-4 -0.0015246076934890829 0.0013043337254594195 -7.49344920376066E-4 9.858135930201073E-4 -2.72176890035572E-4 6.83608823168147E-4 0.002079656535783486 -9.114371130395649E-4 -0.0012544010224465746 -4.802738422848424E-4 6.377166526417011E-4 -0.0019322843775631676 -8.834649853414478E-4 -0.0014635470607371748 2.5291815290715003E-4 -9.44127080696619E-4 -2.4216416936753693E-4 -0.0012616704755741975 2.6000670757601874E-4 3.449238449938219E-4 -0.0010118685622470813 -2.5698966216111674E-4 -5.162928677146517E-4 -1.9362459926483555E-4 3.1118059648534147E-4 0.0014131994337800713 0.001929607356944335 -3.8600745969936956E-4 -4.973226747550658E-4 3.1711489954733274E-5 -8.306530321938316E-4 4.581453346779313E-4 -6.855190309967979E-4 -6.453760685948273E-6 9.774154834728127E-4 -9.843458814006098E-4 -5.559686257406021E-4 5.490751254926957E-4 7.622597436104175E-4 -5.124151611689554E-4 -3.6157201134407596E-4 -4.442587102221965E-4 -4.0970078328619874E-4 -2.0585762903033156E-4 1.8111185301561417E-4 3.7888719971118645E-4 2.576062535152371E-4 -2.950799220074046E-4 -6.492552201739429E-4 -3.9697036860267265E-4 -3.785997695474469E-4 3.0908113630552514E-5 9.998779342423186E-5 -4.70361153457749E-4 2.3436602553314478E-4 -2.9392396805819065E-4 3.7573787127390124E-4 9.515349192068603E-4 -4.702892848072321E-4 4.855697921904434E-5 2.9788639256207033E-4 0.0013026162201830796 1.6803488493966762E-4 0.0011299800270074614 0.0010692034558896224 -6.833167947985219E-4 -1.331606612918687E-4 -3.0687400787434566E-4 4.957000699905775E-4 -2.656928411267981E-4 -4.3626970899629525E-5 2.689124984677632E-4 -4.530752933586957E-4 -1.062749312625566E-4 -1.4226424188104603E-4 -6.408982886192266E-4 -5.679290910514528E-4 -3.441820239775614E-4 -5.754402309124662E-4 -6.336736177200986E-5 2.69699995511026E-4 -2.3892246760540137E-4 -2.9384494843805176E-5 9.658745896274912E-4 6.776715840835223E-4 -9.599266598517911E-4 3.3954583242647163E-4 2.3631055006708562E-4 3.233499260514097E-4 9.744185206946726E-5 2.116832213516634E-4 -6.914294407068602E-4 -1.475746901932265E-4 -3.504468625887894E-4 -1.637138774552016E-4 -1.1190481897766641E-4 -2.3210389556026223E-4 1.6939275988618607E-4 -4.7424022204302363E-4 -9.373010917967939E-7 -3.8479516573498157E-4 -1.9738928994189608E-4 -2.509401076075807E-4 -1.2431210801769343E-4 2.8963039439169197E-4 1.6938031968367906E-4 -2.496834640802331E-4 0.0010942830859349759 -5.056169709487177E-4 2.364575475172423E-4 -1.0283856028062144E-4 2.489669518917076E-4 2.3091069950055554E-5 5.916553258263277E-4 -8.234270370323371E-5 4.1137953250450915E-4 -7.111288957010325E-5 -4.2397516833059257E-4 -1.0665235428216485E-4 -4.1322866895758537E-4 -5.168193226684492E-5 -4.372494723753964E-4 -1.568509802368917E-4 -1.5683906436464445E-4 -4.870807799263466E-5 1.972563671618216E-4 9.240264601636378E-5 0.0010955566476919393 -4.947796154471246E-4 1.616520117030118E-4 -1.9573407137707388E-5 1.7401462845418464E-4 -5.932241324682619E-5 -5.766003783659601E-5 -2.5515676803117282E-5 5.515612718742097E-5 3.5713055614935985E-6 -3.1250957239659094E-5 -2.76509275961484E-4 -1.8791551855092126E-4 8.286256947164644E-5 -1.3967875846503108E-5 -1.515494997118491E-4 -2.2714290101425588E-4 1.1354187459149817E-4 -1.4488419261013408E-4 2.68873037251989E-4 -1.4335873722677583E-4 -1.0177682590101905E-4 -2.937287411567749E-4 2.9532650256507142E-5 1.0775141218458129E-4 3.3607333912069604E-5 -1.2080127693972487E-4 -8.73966402834235E-5 3.950230198877247E-4 -4.706186974406598E-5 -3.899010900744633E-4 -2.367331597028996E-4 7.927807895165978E-5 -1.2551383104148633E-5 -6.191854256708262E-5 -9.252668672011036E-5 -1.3489552534398305E-4 5.7150307833684494E-5 -1.741171379998699E-4 -1.4275377298777342E-4 -2.9878206346042185E-4 1.282682899943939E-4 2.2389055471288416E-5 1.538119002122973E-5 5.058162072362413E-4 -4.39099721674871E-5 4.951866302124949E-4 -2.2296040415991508E-5 2.5894617447945467E-5 1.4089714814629825E-4 1.6170546654383292E-4 1.8658076994925582E-5 -2.3605955276497295E-4 -2.198770844255571E-4 -2.094767184342844E-5 -1.940673825534256E-4 -8.585055889003684E-6 -2.487368404575814E-4 -4.8261992810827437E-5 -2.374058882528493E-4 2.1232881502617276E-4 3.7446446534120104E-4 -3.326703980690432E-5 2.690495252230876E-5 -3.681303969538946E-6 -2.1751855080492932E-5 -1.919305520374781E-4 -5.1126575765024496E-5 -1.4101386710888009E-6 2.7654376296172567E-4 -1.6951268035906436E-4 -1.7130751387635715E-4 -1.1702712048859351E-4 -4.3287501923165717E-5 -4.425278028805796E-5 -1.3481390990493364E-4 -2.6564678806368508E-5 -4.380545237568645E-6 -1.1616007948685864E-5 3.746397569037614E-4 -7.948448653461934E-5 7.057918408043956E-5 7.012496488385811E-6 1.0529913004125521E-4 8.565156326166556E-5 3.6877440347701795E-4 -2.7558720254210883E-5 -2.0987350009677233E-4 -9.226691526143666E-5 -6.413752742280565E-5 -1.8854808847612592E-5 -2.3475988421598273E-4 -1.0735470376868964E-4 -2.1827160225387776E-4 2.0243786567163136E-4 1.9671289142726006E-4 -9.035495744198763E-5 2.740408452796654E-4 -1.6992540136931758E-4 6.079428312400284E-5 7.751364629423121E-5 1.8456868007227234E-4 1.2617551036576968E-5 -3.1809434315768076E-5 -1.9981642876390135E-4 -3.90956344632834E-5 -3.4368569472309485E-5 2.5179517378806637E-5 -1.0812537837297936E-4 -2.563999884034468E-5 -9.048326647823415E-5 -2.554267464545401E-5 -5.521314242587158E-5 -8.980486322451506E-5 9.534583857512963E-5 -9.331970516879805E-5 -2.8010858335713457E-5 1.6564502145626457E-4 6.824276320030985E-5 -2.1461108636000072E-4 -2.387237862076612E-5 -5.3971171850328986E-5 8.281715903720767E-5 -9.894476990845655E-5 -1.2770826852330497E-4 -4.877811997505699E-5 -6.890656484929633E-6 -8.030100508420179E-5 8.638305211626507E-5 1.0858897818277063E-5 -1.9544983098244983E-5 4.102779257822084E-5 1.329678230921564E-4 -8.167241028882687E-5 -6.490326940211157E-5 5.6246401256678305E-5 4.7941762094256754E-5 -6.025475354083307E-5 5.2312499445282545E-5 3.153002049436325E-5 -7.415047304313617E-5 -9.787177995232779E-5 -3.335933193654439E-6 2.2146128948781311E-4 -1.5070176701477075E-5 5.085424593240066E-5 -2.824959948869235E-5 4.0785274434412475E-5 -2.7779167098783072E-5 1.1308641147627849E-5 -1.857673465464199E-5 -1.559756232635129E-5 -1.3389488392594531E-5 -3.901255249452035E-5 1.3319189874020504E-6 -1.0878791612691126E-4 3.580822285795607E-5 5.671296013976673E-5 -6.696860931868463E-5 5.446321493281399E-5 -6.254599179152283E-5 -3.089612032659665E-5 -8.831134730826785E-5 -8.678427014885068E-6 9.490623143268255E-5 8.18153724159807E-5 -1.1681483511151967E-4 5.804886628951213E-5 2.369799413248254E-5 -4.7396557283526514E-5 -2.4877193602444378E-5 1.3011490272184234E-5 -4.866728852988625E-5 -1.445884049133643E-5 -3.105398267925705E-5 -5.215313625903974E-5 -3.2733718381468963E-6 1.245172226384747E-4 1.4420678412141799E-5 1.1949013567665034E-6 5.177966144199672E-6 -2.685693096897944E-5 2.5414008009289057E-6 -6.3024745625313294E-6 -1.2166223416314181E-6 -5.1480085204428164E-5 -1.684080520348956E-5 -5.941866793811486E-5 -6.186644452267978E-5 1.46777097901841E-4 5.743919365550857E-5 9.774807868202957E-5 5.8971633154869356E-5 8.778822473420097E-5 -2.3347617618678373E-5 -3.776378600314767E-7 -4.872585386544136E-5 -6.375354944307063E-5 -8.058422868683322E-5 -7.355122956312354E-7 -1.2634453096492353E-4 7.757453819820341E-5 7.106982600635532E-5 -1.7462972310301056E-6 1.1511433436329002E-5 1.9267666152579174E-5 -7.487401058924557E-5 -2.5954011752560638E-5 1.0183297988611457E-4 -7.820087026550078E-5 -4.076452261029227E-5 1.9957171656492106E-6 -6.76993768440378E-5 -6.89441266202833E-5 2.2665849901366136E-5 -1.3632779029893946E-5 -2.529804186915917E-5 -2.7271956132317136E-5 -3.059019452572066E-5 -2.295768534376144E-5 6.265860548283504E-5 -3.590249117475016E-5 1.5829632492027693E-5 1.4632254375592305E-5 -2.7073045503238184E-5 -4.617221380217879E-5 -2.3640257757475205E-5 -3.652877339944006E-5 -2.670786175031168E-5 -1.0293853018740473E-5 -2.522344360497697E-5 2.351519762273241E-5 4.511731536835893E-5 3.11578683815511E-6 -3.870301297083205E-5 -5.428888295463258E-6 -2.012156252278411E-5 -1.1669180989340444E-5 9.768747520785132E-6 -2.1994873541739818E-6 5.307805823915809E-6 -2.785884863163498E-5 -3.271949666145031E-5 -3.366567815485909E-6 5.317548477588342E-6 -1.6472294487988696E-5 -1.1228721949349107E-5 -1.3485621576055963E-5 1.469489463681254E-5 -8.533485627115582E-6 -9.87554247964791E-6 2.0106594024152553E-6 5.4069638919778534E-6 6.574475539921059E-5 1.5984760920926232E-5 5.144733028017868E-5 5.114033555538022E-5 2.0677947808710184E-5 -2.282473695776376E-5 7.517451168537279E-6 -1.736845466177332E-5 -2.0639534582794078E-5 -6.828755537684889E-7 9.105997587148442E-6 8.745978138979685E-5 1.7058611594907881E-6 5.2452643752631204E-5 2.928048695542869E-5 -1.9770587406945685E-5 -3.7156165771340226E-5 -1.793029191458819E-5 -1.0150754083141852E-5 2.626594636493968E-5 -3.645954180460549E-5 1.0824838862263063E-5 1.9769364806917523E-5 -2.0931385471212316E-5 -2.421727328864344E-5 -3.6026274119614794E-5 1.2940466730159209E-6 -1.895221733448551E-5 -2.4713790193796673E-6 -3.424668103395832E-5 -7.69258431176402E-6 -2.1497308560399983E-5 -1.9971853682568784E-5 -2.456373318226665E-5 -1.2246741056967138E-5 4.802307705814796E-5 5.9524660921700216E-5 3.083757993735262E-5 4.1057489683791505E-5 7.20587676782832E-5 -2.2853812040942063E-5 5.831875933447715E-6 -3.324614545055591E-5 -1.8164024760077002E-5 -1.0882709130482886E-5 -3.1136745698702624E-5 6.846956526962E-5 -8.401630173665749E-6 6.775597510698568E-6 -9.698879776304584E-6 -2.9911775712384604E-5 1.490883104017255E-5 -3.522371270509202E-5 -1.822886490211815E-5 -6.312532526804408E-6 -4.1566150194985614E-5 -1.2502842723867424E-5 -1.938347258511903E-5 -1.1397867887307823E-5 -8.863595989376354E-6 -2.9174855172906314E-5 1.5933387861860777E-5 2.879939844059251E-6 -3.5502138561849684E-5 1.6192559834034975E-5 -1.1832725620216072E-5 1.8339807207811906E-6 -1.6303124222452267E-5 -1.0545850640177046E-5 -1.2502545425219919E-5 7.718771504323409E-6 -1.4186057486647186E-5 1.7108126527218877E-5 -1.5160218311932941E-5 -4.333539985175525E-6 1.0113973024287407E-5 -1.378234731719925E-5 9.993387020326185E-6 1.632782981551926E-5 1.1279518058833135E-5 -1.2273983563457387E-5 -1.6160330440669057E-7 -8.27291975093701E-6 -1.0403634443053623E-6 -1.6077838571110312E-5 9.466257426780922E-7 5.277431190501853E-6 -1.5196297472211667E-5 -8.852948696756735E-6 -3.7007900721298254E-6 -5.602974466030822E-8 -6.81228332316975E-6 -3.6078096151079004E-6 1.0392865219741032E-5 -1.8549972308577484E-5 5.336221857340758E-6 1.5464668614105677E-5 -1.1113531759225507E-5 1.0609421852779237E-5 3.9883121220199566E-5 2.5940695417794868E-5 1.707261221483452E-5 3.747459421548564E-5 -6.813744823868425E-6 1.5386310792846799E-6 -2.930416823996489E-6 -8.497912530130991E-6 -2.2414853068190854E-6 -1.4633357364656104E-5 5.116078095139705E-5 -1.4214546604471561E-5 7.635083295314416E-6 -1.0266062376690279E-5 -2.6326223596936232E-5 3.3324310414702997E-6 -1.3328989972322819E-5 3.3596550448504806E-6 -1.696580504154414E-5 9.854988255336185E-7 3.7298440595436716E-6 -2.604063726441069E-5 -7.99929521459828E-6 -1.4642608595614483E-5 2.7071641035391475E-6 -9.037309645306291E-6 -6.152834913885144E-6 5.971870497012161E-6 -1.555696523044929E-5 -6.752822059418861E-6 -3.1695690172299507E-7 -1.0850881620136019E-5 4.012152470282346E-7 -6.044479781344182E-6 2.1273074609412437E-6 -9.480512338727078E-6 -6.792333533485158E-6 -9.26119270508517E-6 4.494316104976682E-6 -1.9650107263759903E-6 3.7090920634820154E-7 -1.949738941097552E-6 -7.087419961284954E-6 -3.465805191975183E-6 -7.988787317435644E-6 -1.1852130271538912E-5 2.556911532289514E-5 2.7700254587749397E-5 1.912093101906075E-5 3.567300885029155E-5 -6.423067872916681E-7 -2.434105785303854E-6 -1.4067124742867063E-5 -3.293233158577647E-6 -1.8806016355267302E-5 2.4090124803955847E-5 2.266200293362438E-5 -3.058830605638099E-6 1.4860421995448354E-5 -2.057456033173542E-5 8.679558651261037E-6 -1.7727921201683662E-5 4.026557207216855E-6 -1.8898873185287145E-5 -1.8042320791404089E-7 9.520618819637734E-8 -4.294459417362832E-6 -6.7240939112915565E-6 -3.591842701797937E-6 1.0543074820539965E-5 -1.0939155206947295E-5 -4.419252536807302E-6 -6.908533751984148E-6 -1.316416422217229E-5 -7.743396843783472E-6 -5.407619263471906E-6 -5.856240688040075E-7 -8.422967732077099E-6 1.059937126280568E-5 -4.755564909737428E-7 -2.570520269831256E-6 2.502290921057356E-6 2.9204513392775897E-6 4.023886934663651E-6 -9.136850179424991E-7 -4.0012952848104966E-7 -1.0149071520657764E-5 7.641323989764342E-7 2.3121644861000615E-6 -4.557248500083877E-6 3.300175587730037E-7 4.5057920619508834E-6 -6.428304586063999E-6 -6.697693119686815E-6 -5.919314205838928E-6 -3.3312714845248285E-6 -2.2363159426857203E-7 4.4901241503126493E-7 -1.10347829083209E-6 -3.9616641394420345E-7 -3.1658213930948857E-6 4.2077696939999375E-6 -2.6742636872823314E-6 -2.2378566442665757E-6 8.110194226332583E-6 -5.980400842004927E-6 2.4698282974488107E-6 -2.1070708095780348E-6 8.113514244873486E-6 -8.104372223839522E-6 2.5677202854883165E-5 1.157220235787086E-5 1.3457624876288005E-5 1.8201080586517844E-5 -1.2749579564510366E-6 -1.1625594311049183E-5 -4.657655218803943E-6 -5.584604559615578E-6 -1.6217492636109434E-6 1.7800993887523713E-5 -7.738682969208937E-6 2.5287077648804626E-6 -8.47335421375571E-6 5.129672915162378E-7 -1.2853542922688097E-5 3.5387503846190035E-6 -7.70800684273573E-6 9.920629655147534E-7 -2.3984952068228406E-6 -3.852232279288837E-6 -5.2084862550052635E-6 2.9858672741819945E-6 -5.231537971036931E-6 4.2735353061949376E-7 -3.064349054948028E-6 -4.245717645010743E-6 -7.158807107347375E-6 1.9703024309195103E-6 -3.1677371317701116E-6 2.705065669786539E-6 -3.1833228495870437E-6 -4.518333197427887E-6 -5.644560612461146E-6 7.428480051104415E-7 -3.973617588748151E-6 7.942463721081648E-6 1.685415856341084E-5 1.3054349373930476E-5 1.4061866763289614E-5 5.5317474760829E-6 -7.001438091116738E-6 -4.589202226126842E-6 -1.044366645532751E-5 2.924531503568223E-6 1.3778421974156452E-5 3.1309872260787235E-6 2.3183858776562854E-6 -8.193079585244625E-6 4.034759668087749E-7 -4.755811568625079E-6 -4.9660555569429636E-6 -3.3647809876235883E-6 -3.001362399149515E-6 -2.4354053834286073E-6 -3.092714547453003E-6 -1.3349317508492978E-6 6.188868769129189E-7 -5.0011108161662765E-6 1.068355951498322E-6 -6.671378062533947E-6 -2.1821517743084943E-6 -4.39714055596905E-6 2.6868634819214978E-6 -6.552752937702151E-7 4.246256426649621E-6 -3.4582793817258903E-6 -1.0583636331894936E-6 -2.5356904523857107E-6 1.7794116691650496E-6 -2.467988735964442E-6 -1.9883437090372196E-6 -4.172319256528969E-6 -2.5315706710904136E-6 -1.9650621929984038E-6 1.4864998645975009E-6 -2.8636859408153E-6 -2.3216689505134794E-8 -4.268642057727928E-6 -4.627381118874844E-7 -1.7827980325765217E-6 -8.659379795421945E-7 -2.3777379706928226E-6 1.3261013436145514E-6 -2.3071846907171505E-7 3.295170636853173E-6 -9.728231879994453E-7 -2.418161050917627E-6 4.84288635028507E-7 -2.4568591741603294E-6 -2.068856314714105E-6 4.0290133277950425E-7 2.9410878552374193E-7 -1.6952062807212539E-7 1.3624016514815832E-6 -2.401238931884172E-6 -1.4242399557659558E-6 -1.7424292095051747E-6 -1.097965012588427E-6 -1.4859981496549604E-6 5.473634908422257E-6 8.935194469261503E-6 7.76880433254112E-6 8.035332579848196E-6 -1.3069459192468114E-6 -4.275732915695889E-6 -3.8199654156788896E-6 9.369339487689003E-8 9.530231386587406E-6 3.33165164935191E-6 4.1827182161661546E-7 -3.4869738939447914E-6 -1.9420063119912428E-6 -2.935757800851717E-6 -1.1387075782278637E-6 -1.208283951476799E-6 -7.934280481760778E-7 -1.590281538121094E-6 -1.766749073573565E-6 2.310464992819419E-6 -1.6163344238907264E-6 -2.0341329978497E-6 -1.069834865989681E-6 -4.382503760042564E-6 -1.5985723719659116E-6 -4.27648000361758E-7 8.373417214296418E-7 8.334494113998556E-7 -2.2351742698857482E-6 -2.758617879451545E-6 -4.3074944044361714E-7 -7.994472591046475E-7 -8.32023836771893E-7 -1.4298525320442573E-6 -1.2411155932024061E-6 -2.892356370764711E-6 4.426646671095119E-7 9.182443937181877E-7 5.078189701309289E-7 3.4761042864295136E-7 -3.4526064941054055E-7 -1.7050019098169885E-7 8.734614501695556E-7 -1.7102082713230755E-6 3.4352733655803453E-6 -9.865614100190256E-7 4.304038733938018E-6 1.127918515267913E-5 4.812387408146342E-6 9.2545576551813E-6 -3.7762816634331225E-6 -1.3422065062901377E-6 -2.567979174598477E-6 -5.182831188702778E-7 8.311444952842741E-6 1.0675526095359255E-6 -2.0343626716122932E-7 -2.300526596490807E-6 -2.5258120662218506E-6 -2.6088574264732187E-6 -1.8060405460973254E-6 -1.95573720988872E-6 1.0990572190145852E-6 -2.942206707740036E-6 2.7619245913925393E-6 5.078804236221504E-7 -1.2470023010301991E-6 -6.918469973824252E-7 -3.6378784843131996E-6 -9.911381115448696E-7 -1.0624329574124053E-6 -1.3791675465536454E-6 2.1028453855797104E-7 -1.8231589429614664E-6 -3.1838554408493143E-6 -1.1764304985633148E-6 -2.2954825427990984E-6 -6.465517871061125E-7 -1.9936011948793538E-6 -1.7963065355437822E-6 -1.2095309207740953E-6 -1.0732674528167647E-6 -3.8147486872814294E-7 -8.872444908306098E-7 -1.756229758197224E-6 -7.199303930262844E-7 -8.795400880658665E-7 -1.0725687917923854E-6 6.724933883460308E-7 -1.2315039914960815E-7 2.089819097983843E-6 -1.0332679665216139E-6 -5.345067032478876E-7 -7.065888784885371E-7 -7.588799022210805E-7 8.630784261380424E-7 5.086488214190387E-7 -2.5829674912147436E-8 5.535347994924849E-7 -7.594569813458552E-7 -2.1154668540198686E-7 -1.1587912142379717E-6 6.52207235742855E-8 -5.253366414563281E-7 1.0597382258532276E-6
